group	COc77203	COc77206	COc77229	COc77230	COc77243	COc77256	COc77265	COc77268	COcCcbulk	COcEcbulk	MRFc1	MRFc2	MRFc3	MRFcbulkc16S	NEc109	NEc118	NEc212	NEc215	NEc311	NEc317	NEc414	NEc416	NEcCcbulk	NEcEcbulk	SVERCc1c16S	SVERCc2c16S	SVERCc2	SVERCc3c16S	SVERCc3	SVERCcbulkc16S	WAcC1	WAcC2	WAcC3	WAcCcbulk	WAcE1	WAcE2	WAcE3	WAcEcbulk
methanotrophy	3	4	2	0	2	1	3	0	3	33	3	5	1	31	3	2	2	3	0	1	0	3	5	12	41	84	8	81	9	61	1	2	1	5	12	2	1	12
acetoclastic_methanogenesis	0	0	0	0	0	0	0	0	0	0	0	0	0	0	0	0	0	0	0	0	0	0	0	0	0	0	0	0	0	0	0	0	0	0	0	0	0	0
methanogenesis_by_disproportionation_of_methyl_groups	0	0	0	0	0	0	0	0	0	0	0	0	0	0	0	0	0	0	0	0	0	0	0	0	0	0	0	0	0	0	0	0	0	0	0	0	0	0
methanogenesis_using_formate	0	0	0	0	0	0	0	0	0	0	0	0	0	0	0	0	0	0	0	0	0	0	0	0	0	0	0	0	0	0	0	0	0	0	0	0	0	0
methanogenesis_by_CO2_reduction_with_H2	0	0	0	0	0	0	0	0	0	0	0	0	0	0	0	0	0	0	0	0	0	0	0	0	0	0	0	0	0	0	0	0	0	0	0	0	0	0
methanogenesis_by_reduction_of_methyl_compounds_with_H2	0	0	0	0	0	0	0	0	0	0	0	0	0	0	0	0	0	0	0	0	0	0	0	0	0	0	0	0	0	0	0	0	0	0	0	0	0	0
hydrogenotrophic_methanogenesis	0	0	0	0	0	0	0	0	0	0	0	0	0	0	0	0	0	0	0	0	0	0	0	0	0	0	0	0	0	0	0	0	0	0	0	0	0	0
methanogenesis	0	0	0	0	0	0	0	0	0	0	0	0	0	0	0	0	0	0	0	0	0	0	0	0	0	0	0	0	0	0	0	0	0	0	0	0	0	0
methanol_oxidation	1	9	3	3	9	6	8	2	7	5	5	1	0	1	5	2	6	2	5	0	1	1	9	10	3	21	0	9	3	16	1	0	1	4	0	3	0	2
methylotrophy	4	13	5	3	11	7	11	2	10	38	8	6	1	32	8	4	8	5	5	1	1	4	14	22	44	105	8	90	12	77	2	2	2	9	12	5	1	14
aerobic_ammonia_oxidation	87	282	126	85	144	78	119	97	444	669	165	117	188	1505	81	56	33	105	134	98	110	90	716	655	184	309	61	347	75	605	117	255	377	1715	386	334	177	1447
aerobic_nitrite_oxidation	14	19	21	3	14	12	18	8	83	203	44	44	39	403	28	27	21	11	14	52	32	16	172	126	140	298	20	214	19	199	20	29	70	493	72	81	42	295
nitrification	101	301	147	88	158	90	137	105	527	872	209	161	227	1908	109	83	54	116	148	150	142	106	888	781	324	607	81	561	94	804	137	284	447	2208	458	415	219	1742
sulfate_respiration	0	1	2	1	0	4	3	2	7	26	0	2	1	31	1	7	3	2	1	4	1	4	19	11	10	27	0	29	0	17	0	0	0	0	0	0	0	0
sulfur_respiration	19	35	33	21	34	21	24	30	109	429	54	48	27	323	71	48	35	52	43	59	33	28	344	247	269	487	57	304	51	202	16	13	8	268	49	46	23	260
dark_sulfite_oxidation	0	0	0	0	0	0	0	0	0	0	0	0	0	0	0	0	0	0	0	0	0	0	0	0	0	0	0	0	0	0	0	0	0	0	0	0	0	0
sulfite_respiration	0	0	0	0	0	0	0	0	0	0	0	0	0	0	0	0	0	0	0	0	0	0	0	0	0	0	0	0	0	0	0	0	0	0	0	0	0	0
thiosulfate_respiration	0	0	0	0	0	0	0	0	0	0	0	0	0	0	0	0	0	0	0	0	0	0	0	0	0	0	0	0	0	0	0	0	0	0	0	0	0	0
respiration_of_sulfur_compounds	19	36	35	22	34	25	27	32	116	455	54	50	28	354	72	55	38	54	44	63	34	32	363	258	279	514	57	333	51	219	16	13	8	268	49	46	23	260
arsenate_detoxification	0	0	0	0	0	0	0	0	0	0	0	0	0	0	0	0	0	0	0	0	0	0	0	0	0	0	0	0	0	0	0	0	0	0	0	0	0	0
arsenate_respiration	0	0	0	0	0	0	0	0	0	0	0	0	0	0	0	0	0	0	0	0	0	0	0	0	0	0	0	0	0	0	0	0	0	0	0	0	0	0
dissimilatory_arsenate_reduction	0	0	0	0	0	0	0	0	0	0	0	0	0	0	0	0	0	0	0	0	0	0	0	0	0	0	0	0	0	0	0	0	0	0	0	0	0	0
arsenite_oxidation_detoxification	0	0	0	0	0	0	0	0	0	0	0	0	0	0	0	0	0	0	0	0	0	0	0	0	0	0	0	0	0	0	0	0	0	0	0	0	0	0
arsenite_oxidation_energy_yielding	0	0	0	0	0	0	0	0	0	0	0	0	0	0	0	0	0	0	0	0	0	0	0	0	0	0	0	0	0	0	0	0	0	0	0	0	0	0
dissimilatory_arsenite_oxidation	0	0	0	0	0	0	0	0	0	0	0	0	0	0	0	0	0	0	0	0	0	0	0	0	0	0	0	0	0	0	0	0	0	0	0	0	0	0
anammox	0	0	0	0	0	0	0	0	0	0	0	0	0	0	0	0	0	0	0	0	0	0	0	0	0	0	0	0	0	0	0	0	0	0	0	0	0	0
nitrate_denitrification	4	20	20	8	10	15	19	10	53	148	23	33	13	358	64	24	14	39	22	31	30	44	237	150	256	433	36	484	45	484	9	29	29	233	29	20	31	228
nitrite_denitrification	4	20	20	8	10	15	19	10	53	148	23	33	13	358	64	24	14	39	22	31	30	44	237	150	256	433	36	484	45	484	9	29	29	233	29	20	31	228
nitrous_oxide_denitrification	4	20	20	8	10	15	19	10	53	148	23	33	13	358	64	24	14	39	22	31	30	44	237	150	256	433	36	484	45	484	9	29	29	233	29	20	31	228
denitrification	4	20	20	8	10	15	19	10	53	148	23	33	13	358	64	24	14	39	22	31	30	44	237	150	256	433	36	484	45	484	9	29	29	233	29	20	31	228
chitinolysis	3	19	11	5	5	4	14	10	17	71	3	5	5	10	4	8	4	3	5	7	11	2	13	8	24	27	3	43	5	33	0	1	3	0	0	6	0	7
knallgas_bacteria	0	0	0	0	0	0	0	0	0	0	0	0	0	0	0	0	0	0	0	0	0	0	0	0	0	0	0	0	0	0	0	0	0	0	0	0	0	0
dark_hydrogen_oxidation	0	0	0	0	0	0	0	0	0	0	0	0	0	0	0	0	0	0	0	0	0	0	0	0	0	0	0	0	0	0	0	0	0	0	0	0	0	0
nitrogen_fixation	0	5	2	2	1	1	5	1	19	29	7	12	7	86	7	10	11	2	4	5	6	1	26	25	51	84	7	92	7	70	5	5	11	74	11	12	3	23
nitrate_ammonification	0	0	0	0	0	0	0	0	0	0	0	0	0	0	0	0	0	0	0	0	0	0	0	0	0	0	0	0	0	0	0	0	0	0	0	0	0	0
nitrite_ammonification	0	0	2	0	0	0	3	0	17	21	0	2	0	32	4	4	0	0	4	0	2	1	14	14	23	36	1	48	0	29	0	2	0	7	0	5	0	6
nitrite_respiration	4	20	22	8	10	15	22	10	70	169	23	35	13	390	68	28	14	39	26	31	32	45	251	164	279	469	37	532	45	513	9	31	29	240	29	25	31	234
cellulolysis	39	59	68	40	50	45	49	90	275	588	22	25	33	342	48	71	70	66	54	46	37	59	510	320	364	467	39	486	53	393	65	28	50	436	55	58	79	283
xylanolysis	0	0	0	1	1	0	0	0	3	5	0	0	0	0	2	0	1	1	1	0	1	1	5	1	0	1	0	3	1	0	0	0	0	0	0	0	0	0
dark_sulfide_oxidation	0	3	1	1	0	4	0	1	0	6	0	0	0	17	5	2	2	0	0	1	3	2	5	0	24	7	2	6	1	5	0	1	0	0	1	5	0	9
dark_sulfur_oxidation	0	0	0	0	0	0	0	0	0	0	0	0	0	0	0	0	0	0	0	0	0	0	0	0	0	0	0	0	0	0	0	0	0	0	0	0	0	0
dark_thiosulfate_oxidation	0	0	0	0	0	0	0	0	0	0	0	0	0	0	0	0	0	0	0	0	0	0	0	0	0	0	0	0	0	0	0	0	0	0	0	0	0	0
dark_oxidation_of_sulfur_compounds	37	75	27	84	118	102	34	28	44	103	9	15	8	153	26	37	70	90	21	49	37	28	95	88	106	286	19	173	19	169	44	9	10	44	45	51	30	67
manganese_oxidation	2	5	3	4	1	1	1	5	13	33	2	4	3	75	7	5	6	9	23	2	10	5	40	48	65	74	4	89	4	88	5	1	0	56	1	1	4	69
manganese_respiration	0	0	0	0	0	0	0	0	0	0	0	0	0	0	0	0	0	0	0	0	0	0	0	0	0	0	0	0	0	0	0	0	0	0	0	0	0	0
ligninolysis	0	0	0	0	0	0	0	0	0	0	0	0	0	0	0	0	0	0	0	0	0	0	0	0	0	0	0	0	0	0	0	0	0	0	0	0	0	0
fermentation	110	288	320	100	208	172	266	168	991	2085	82	67	80	793	204	159	108	194	335	251	260	335	1843	1236	1640	2116	163	2506	375	2753	106	187	172	1589	161	125	132	1442
aerobic_chemoheterotrophy	862	2602	1751	1026	1377	2248	1560	1424	5086	10597	764	1099	1121	9544	1979	1374	1261	1480	2045	1719	1963	1746	11284	7474	8041	12259	968	14232	2043	14672	1096	1233	1997	11034	2641	2389	2077	8897
invertebrate_parasites	0	0	0	0	0	0	0	0	0	0	0	0	0	0	0	0	0	0	0	0	0	0	0	0	0	0	0	0	0	0	0	0	0	0	0	0	0	0
human_pathogens_septicemia	0	0	0	0	0	0	0	0	0	0	0	0	0	0	0	0	0	0	0	0	0	0	0	0	0	0	0	0	0	0	0	0	0	0	0	0	0	0
human_pathogens_pneumonia	2	9	8	5	11	7	9	2	8	19	15	3	2	32	1	2	2	2	5	3	2	2	33	7	8	42	3	10	1	20	1	2	9	25	12	5	11	40
human_pathogens_nosocomia	0	0	0	0	0	0	0	0	0	0	0	0	0	0	0	0	0	0	0	0	0	0	0	0	0	0	0	0	0	0	0	0	0	0	0	0	0	0
human_pathogens_meningitis	0	0	0	0	0	0	0	0	0	0	0	0	0	0	0	0	0	0	0	0	0	0	0	0	0	0	0	0	0	0	0	0	0	0	0	0	0	0
human_pathogens_gastroenteritis	0	0	0	0	0	0	0	0	0	0	0	0	0	0	0	0	0	0	0	0	0	0	0	0	0	0	0	0	0	0	0	0	0	0	0	0	0	0
human_pathogens_diarrhea	0	0	0	0	0	0	0	0	0	0	0	0	0	0	0	0	0	0	0	0	0	0	0	0	0	0	0	0	0	0	0	0	0	0	0	0	0	0
human_pathogens_all	7	17	13	5	13	11	10	6	40	37	22	15	5	82	9	3	6	4	8	4	11	6	84	74	33	79	3	75	7	114	11	7	16	108	29	11	17	122
fish_parasites	0	0	0	0	0	0	0	0	0	0	0	0	0	0	0	0	0	0	0	0	0	0	0	0	0	0	0	0	0	0	0	0	0	0	0	0	0	0
human_gut	0	0	2	0	0	0	3	0	17	21	0	2	0	32	4	4	0	0	4	0	2	1	14	14	23	36	1	48	0	29	0	2	0	7	0	5	0	6
mammal_gut	0	0	2	0	0	0	3	0	17	21	0	2	0	32	4	4	0	0	4	0	2	1	14	14	23	36	1	48	0	29	0	2	0	7	0	5	0	6
animal_parasites_or_symbionts	7	17	15	5	13	11	13	6	57	58	22	17	5	114	13	7	6	4	12	4	13	7	98	88	56	115	4	123	7	143	11	9	16	115	29	16	17	128
plant_pathogen	0	0	0	0	0	0	0	0	0	0	0	0	0	0	0	0	0	0	0	0	0	0	0	0	0	0	0	0	0	0	0	0	0	0	0	0	0	0
oil_bioremediation	0	0	0	0	0	0	0	0	0	0	0	0	0	0	0	0	0	0	0	0	0	0	0	0	0	0	0	0	0	0	0	0	0	0	0	0	0	0
aromatic_hydrocarbon_degradation	6	20	12	5	9	18	16	5	71	168	8	5	9	209	9	11	14	13	24	10	14	23	103	47	54	146	8	116	6	110	5	7	6	124	24	15	6	80
aromatic_compound_degradation	15	74	29	15	32	45	43	27	161	376	19	21	21	309	59	68	42	51	58	53	55	64	289	178	337	536	38	546	72	592	10	18	25	241	63	47	23	215
aliphatic_non_methane_hydrocarbon_degradation	6	20	12	5	9	18	16	5	71	168	8	5	9	209	9	11	14	13	24	10	14	23	103	47	54	146	8	116	6	110	5	7	6	124	24	15	6	80
hydrocarbon_degradation	9	24	14	5	11	19	19	5	74	201	11	10	10	240	12	13	16	16	24	11	14	26	108	59	95	230	16	197	15	171	6	9	7	129	36	17	7	92
dark_iron_oxidation	0	0	0	0	0	0	0	0	0	0	0	0	0	0	0	0	0	0	0	0	0	0	0	0	0	0	0	0	0	0	0	0	0	0	0	0	0	0
iron_respiration	0	0	0	0	0	0	0	0	0	0	0	0	0	0	0	0	0	0	0	0	0	0	0	0	0	0	0	0	0	0	0	0	0	0	0	0	0	0
nitrate_respiration	12	36	29	9	19	23	39	17	88	265	64	76	53	743	86	45	37	48	36	86	50	57	349	250	364	620	55	671	62	646	30	58	105	743	101	101	72	569
nitrate_reduction	104	273	308	91	192	171	270	156	945	2001	134	123	123	1306	244	150	121	194	321	287	247	334	1847	1305	1720	2466	187	2735	392	2963	130	235	273	2297	230	211	192	1894
nitrogen_respiration	12	36	31	9	19	23	42	17	105	286	64	78	53	775	90	49	37	48	40	86	52	58	363	264	387	656	56	719	62	675	30	60	105	750	101	106	72	575
fumarate_respiration	0	0	0	0	0	0	0	0	0	0	0	0	0	0	0	0	0	0	0	0	0	0	0	0	0	0	0	0	0	0	0	0	0	0	0	0	0	0
intracellular_parasites	42	66	79	30	41	54	40	37	262	719	49	52	53	305	40	29	53	38	45	55	21	42	299	168	215	311	17	212	27	206	37	63	46	730	58	62	67	220
chlorate_reducers	0	0	0	0	0	0	0	0	0	0	0	0	0	0	0	0	0	0	0	0	0	0	0	0	0	0	0	0	0	0	0	0	0	0	0	0	0	0
predatory_or_exoparasitic	243	286	298	86	209	187	256	232	1593	2855	186	153	181	1356	206	218	241	217	196	220	206	227	1869	1469	1610	2438	217	2162	403	1928	114	176	143	1623	198	218	121	1419
chloroplasts	0	0	0	0	0	0	0	0	0	0	0	0	0	0	0	0	0	0	0	0	0	0	0	0	0	0	0	0	0	0	0	0	0	0	0	0	0	0
cyanobacteria	33	36	42	14	12	27	16	22	106	147	17	13	19	146	23	17	17	16	53	21	28	13	192	160	62	43	8	74	8	113	10	25	23	272	33	22	14	164
anoxygenic_photoautotrophy_H2_oxidizing	0	0	0	0	0	0	0	0	0	0	0	0	0	0	0	0	0	0	0	0	0	0	0	0	0	0	0	0	0	0	0	0	0	0	0	0	0	0
anoxygenic_photoautotrophy_S_oxidizing	4	20	20	8	10	15	19	10	53	148	23	33	13	358	64	24	14	39	22	31	30	44	237	150	256	433	36	484	45	484	9	29	29	233	29	20	31	228
anoxygenic_photoautotrophy_Fe_oxidizing	0	0	0	0	0	0	0	0	0	0	0	0	0	0	0	0	0	0	0	0	0	0	0	0	0	0	0	0	0	0	0	0	0	0	0	0	0	0
anoxygenic_photoautotrophy	4	20	20	8	10	15	19	10	53	148	23	33	13	358	64	24	14	39	22	31	30	44	237	150	256	433	36	484	45	484	9	29	29	233	29	20	31	228
oxygenic_photoautotrophy	33	36	42	14	12	27	16	22	106	147	17	13	19	146	23	17	17	16	53	21	28	13	192	160	62	43	8	74	8	113	10	25	23	272	33	22	14	164
photoautotrophy	37	56	62	22	22	42	35	32	159	295	40	46	32	504	87	41	31	55	75	52	58	57	429	310	318	476	44	558	53	597	19	54	52	505	62	42	45	392
aerobic_anoxygenic_phototrophy	0	0	0	0	0	0	0	0	0	0	0	0	0	0	0	0	0	0	0	0	0	0	0	0	0	0	0	0	0	0	0	0	0	0	0	0	0	0
photoheterotrophy	4	26	20	9	10	16	20	10	57	153	23	35	13	370	65	25	15	39	23	33	33	46	246	158	256	433	36	486	45	484	9	31	29	233	31	20	31	229
phototrophy	37	62	62	23	22	43	36	32	163	300	40	48	32	516	88	42	32	55	76	54	61	59	438	318	318	476	44	560	53	597	19	56	52	505	64	42	45	393
plastic_degradation	0	0	0	0	0	0	0	0	0	0	0	0	0	0	0	0	0	0	0	0	0	0	0	0	0	0	0	0	0	0	0	0	0	0	0	0	0	0
ureolysis	59	110	77	41	80	181	51	83	314	834	26	68	28	506	90	65	44	61	91	66	98	62	1455	409	412	756	49	690	65	783	32	44	48	457	70	62	53	219
reductive_acetogenesis	0	0	0	0	0	0	0	0	0	0	0	0	0	0	0	0	0	0	0	0	0	0	0	0	0	0	0	0	0	0	0	0	0	0	0	0	0	0
chemoheterotrophy	1016	2991	2173	1167	1661	2502	1926	1695	6604	13634	879	1191	1240	10779	2246	1607	1441	1753	2462	2006	2238	2160	13668	9045	9988	14897	1161	17215	2458	17765	1264	1508	2246	13289	2974	2625	2366	11047
other	2975	6417	4908	2286	3741	5155	5135	4016	20839	45946	3235	4282	3938	35642	5610	4304	3862	4186	6792	6145	5970	5211	37514	26392	27090	45455	3784	46915	6399	43656	2887	3610	5097	45167	6593	6083	4403	34342
