	COc77203	COc77206	COc77229	COc77230	COc77243	COc77256	COc77265	COc77268	COcCcbulk	COcEcbulk	MRFc1	MRFc2	MRFc3	MRFcbulkc16S	NEc109	NEc118	NEc212	NEc215	NEc311	NEc317	NEc414	NEc416	NEcCcbulk	NEcEcbulk	SVERCc1c16S	SVERCc1	SVERCc2c16S	SVERCc2	SVERCc3c16S	SVERCc3	SVERCcbulkc16S	WAcC1	WAcC2	WAcC3	WAcCcbulk	WAcE1	WAcE2	WAcE3	WAcEcbulk
ZOTU10	47	92	121	40	64	138	97	69	374	985	30	50	27	538	196	155	76	80	272	280	271	218	751	568	824	10	1624	92	1474	129	994	35	44	53	801	125	128	156	675
ZOTU9	42	274	77	110	187	425	47	70	150	261	11	20	7	55	61	46	45	42	43	46	39	42	230	103	180	9	286	15	386	47	280	8	5	10	30	15	60	12	25
ZOTU15	33	48	76	13	38	85	39	55	258	605	0	0	0	0	83	34	16	31	54	75	69	58	178	126	356	3	702	37	937	98	587	0	0	0	2	0	2	0	1
ZOTU4	153	187	113	639	82	61	15	37	157	528	114	96	126	626	41	34	154	125	197	53	121	117	224	134	142	19	112	31	278	62	266	255	117	440	462	476	388	151	325
ZOTU2	112	492	281	122	255	355	429	218	838	1775	24	97	88	211	411	90	77	79	165	360	187	225	883	692	980	42	1104	190	1282	352	1579	0	1	0	10	11	10	6	32
ZOTU11	62	79	60	49	35	148	53	32	205	351	22	46	47	289	55	76	69	84	60	86	64	80	404	402	415	1	473	33	561	70	460	25	24	32	339	89	110	95	433
ZOTU1	238	1389	445	245	259	501	519	450	1526	4650	98	205	203	2464	1117	1283	760	1103	1916	862	1669	1118	7606	4707	5386	106	7982	405	10160	1133	7023	233	477	693	5559	978	746	484	3166
ZOTU149	2	4	2	1	3	3	5	1	22	42	0	0	0	0	11	16	10	15	10	9	8	7	46	31	40	0	59	1	69	4	44	0	0	0	0	0	0	0	0
ZOTU46	18	27	34	10	17	19	17	17	143	254	0	0	1	0	54	19	33	40	57	58	87	64	329	240	81	0	135	22	87	12	68	0	0	0	0	0	0	0	1
ZOTU78	13	16	20	4	17	7	27	11	144	246	0	0	0	0	4	17	11	4	11	18	31	9	111	42	96	0	159	15	74	2	75	0	0	0	0	0	0	0	0
ZOTU12	29	74	37	29	28	39	26	58	86	257	32	41	40	642	99	67	45	46	142	70	101	77	640	461	381	4	777	48	781	84	822	56	80	147	970	196	136	81	746
ZOTU3	114	190	224	65	169	182	281	189	1452	2213	9	56	23	157	111	110	90	104	55	155	98	108	971	643	1086	24	1782	150	2116	338	1172	15	4	8	174	27	31	13	261
ZOTU95	16	25	23	11	21	25	26	11	84	203	0	0	0	0	11	6	4	5	6	0	11	4	46	49	5	0	16	3	32	4	35	0	0	0	0	0	0	0	0
ZOTU38	23	21	25	13	19	20	18	14	189	280	21	28	21	192	35	42	52	48	34	104	39	75	334	327	121	4	206	14	90	8	98	4	7	1	37	7	7	8	88
ZOTU44	36	66	37	13	28	67	34	36	151	446	6	10	13	75	62	41	21	12	36	50	28	34	203	73	147	0	387	19	430	25	234	7	19	9	177	28	13	16	87
ZOTU47	10	55	18	131	31	152	23	23	45	61	33	32	37	193	50	16	82	74	49	20	29	16	77	86	67	3	90	10	157	10	74	24	15	60	329	61	46	42	160
ZOTU64	14	23	19	3	16	13	29	8	105	158	0	0	0	0	7	2	2	6	5	4	10	9	117	56	47	2	155	21	272	59	199	0	0	0	0	1	0	0	1
ZOTU29	19	59	26	25	53	42	41	10	75	153	27	34	32	448	30	11	9	9	28	10	23	8	250	172	148	0	293	11	305	50	392	12	21	11	235	39	21	22	378
ZOTU42	17	40	44	11	21	45	26	32	219	391	1	2	3	33	30	53	15	30	14	31	20	31	160	88	147	2	213	19	365	30	247	0	1	3	20	9	15	4	49
ZOTU16	62	140	67	55	86	77	92	63	197	350	22	48	57	168	92	29	18	30	42	44	44	34	320	294	254	18	272	48	440	73	530	12	21	22	93	71	52	24	236
ZOTU8	27	86	79	30	44	32	67	63	174	275	46	31	26	634	109	61	86	83	264	96	136	101	870	784	121	3	173	23	263	37	255	54	72	168	1271	139	86	63	453
ZOTU20	53	113	98	23	43	115	54	41	452	728	10	55	19	252	107	82	67	41	70	33	56	28	546	330	37	0	106	1	56	6	84	6	11	3	234	26	21	28	216
ZOTU246	5	3	3	3	2	2	1	2	28	64	0	0	0	0	0	1	0	0	0	0	0	1	1	1	11	0	4	1	12	6	7	0	0	0	0	0	0	0	0
ZOTU26	14	37	13	4	16	43	11	10	35	57	54	63	67	532	20	14	4	21	21	12	19	19	84	80	261	12	242	32	337	58	351	19	40	41	478	112	76	42	371
ZOTU6	37	107	55	39	57	115	62	49	157	350	83	40	66	860	52	48	41	89	121	234	112	49	299	230	273	12	377	21	399	32	376	82	111	183	1307	135	171	181	601
ZOTU5	29	40	41	17	26	32	44	47	206	423	46	128	61	873	81	84	86	59	88	73	89	51	523	327	837	15	1648	83	1564	153	946	5	6	5	179	16	10	6	82
ZOTU30	52	170	217	187	70	227	225	50	112	75	0	5	6	53	32	52	93	464	62	21	59	11	51	70	18	1	5	0	31	6	55	43	18	98	127	67	100	63	117
ZOTU17	42	77	71	23	28	43	81	39	295	562	6	19	17	127	77	48	90	29	83	204	63	116	558	440	550	6	634	73	573	110	547	2	6	9	86	4	7	2	143
ZOTU48	32	39	34	20	35	49	112	55	184	1356	0	0	0	1	1	7	6	3	7	3	1	0	10	23	1	0	7	0	5	1	2	0	0	2	4	4	3	0	2
ZOTU19	25	71	72	14	38	43	111	43	258	725	26	60	23	425	30	42	16	12	51	41	30	35	310	233	99	1	116	5	224	23	232	17	57	48	365	165	63	74	599
ZOTU75	24	18	43	64	49	8	6	43	39	105	4	14	9	128	10	0	6	4	14	9	16	17	27	80	60	1	72	8	140	9	128	3	24	11	80	26	36	25	120
ZOTU214	1	2	5	0	2	1	2	3	16	59	0	0	0	0	1	5	2	2	2	1	0	0	12	19	1	0	1	0	0	0	3	0	0	0	3	2	0	0	4
ZOTU88	5	12	9	3	10	13	12	6	80	144	5	9	5	33	5	7	15	1	2	19	9	7	40	16	38	1	61	5	24	8	26	2	1	0	11	2	1	1	54
ZOTU32	28	28	37	9	16	25	25	21	95	186	15	36	42	239	31	23	14	11	23	30	14	20	175	176	85	3	144	2	153	31	106	39	35	25	207	146	104	51	384
ZOTU37	31	27	35	4	32	40	23	11	198	331	101	165	128	865	84	54	49	37	110	96	77	67	386	243	464	5	761	29	599	81	419	34	23	43	854	103	128	73	408
ZOTU106	9	105	47	20	84	42	26	26	63	150	12	14	5	309	30	14	7	15	8	36	7	10	200	26	57	4	58	22	75	21	73	13	12	19	35	19	46	16	77
ZOTU141	5	35	20	4	4	12	4	6	20	50	2	3	5	41	12	9	6	14	15	14	15	9	74	50	22	4	22	7	65	12	70	7	4	6	47	14	21	15	43
ZOTU34	14	27	19	9	15	15	19	28	115	187	18	56	50	475	43	28	23	31	55	84	99	55	378	276	172	8	181	15	117	28	181	39	51	64	987	54	53	45	611
ZOTU13	29	87	51	10	30	55	36	28	249	424	70	170	57	391	89	78	41	59	98	116	89	67	338	274	508	6	694	64	653	82	549	4	11	8	310	15	22	24	234
ZOTU69	14	48	26	14	24	33	108	40	47	168	10	15	4	26	31	11	11	16	9	14	9	19	63	134	57	1	33	6	68	18	94	2	0	0	0	0	3	1	4
ZOTU54	12	57	14	24	7	27	12	16	32	55	32	20	23	116	22	13	16	27	47	12	37	27	38	61	48	6	64	14	90	18	62	29	18	65	69	135	65	56	66
ZOTU22	56	54	68	20	36	32	31	25	292	514	0	2	0	0	76	89	44	32	53	90	66	70	424	313	397	5	611	67	690	110	535	0	0	0	0	1	0	0	0
ZOTU110	6	13	7	10	25	6	28	14	47	102	20	21	35	177	5	16	4	3	4	20	38	7	19	19	16	5	56	6	56	5	26	0	0	3	14	1	5	2	24
ZOTU52	24	4	28	5	26	15	20	14	180	194	2	20	0	30	33	39	14	25	64	25	36	41	149	196	60	4	147	12	121	15	173	3	1	0	7	15	11	8	160
ZOTU109	11	17	10	3	11	11	11	7	83	148	0	1	0	0	14	11	12	1	9	12	17	11	47	20	42	2	36	9	57	12	72	0	0	0	0	0	0	0	0
ZOTU115	9	21	8	36	9	33	7	5	26	29	1	3	1	70	32	8	14	11	47	11	25	13	178	205	2	0	10	1	13	5	42	4	3	0	55	5	3	3	19
ZOTU33	58	17	29	10	15	10	22	22	249	280	48	31	44	204	31	36	43	55	19	28	39	35	389	317	101	2	191	24	176	91	147	2	2	4	68	9	5	6	104
ZOTU93	19	94	51	27	26	34	36	39	48	143	18	21	8	115	41	11	15	29	49	17	37	40	124	109	112	3	168	13	253	52	127	39	8	17	121	65	55	39	80
ZOTU126	9	4	5	0	10	0	11	16	54	89	5	12	20	106	3	4	2	0	1	0	2	1	24	4	0	0	2	0	2	0	0	1	10	5	23	7	16	3	26
ZOTU129	3	1	2	0	3	1	6	4	32	41	0	0	3	20	21	14	15	11	18	7	28	23	116	106	9	0	23	1	11	2	12	0	0	2	6	0	0	1	20
ZOTU183	1	1	0	0	2	0	0	0	0	2	0	0	0	0	0	0	0	0	0	0	0	0	0	2	0	0	1	0	0	0	0	0	0	0	7	0	0	0	0
ZOTU23	22	52	27	129	110	38	12	18	56	59	77	70	47	679	84	41	56	49	152	56	82	49	291	222	71	3	80	12	184	16	75	113	66	70	1014	213	196	139	780
ZOTU21	10	32	16	12	17	17	13	18	34	119	26	18	17	162	60	29	33	46	52	29	45	45	490	358	140	14	160	23	241	67	208	44	87	89	663	94	96	47	475
ZOTU82	3	5	0	7	2	4	6	4	2	3	10	10	13	211	4	0	3	4	12	12	4	9	2	3	20	0	12	1	20	2	22	80	38	170	175	81	55	63	74
ZOTU58	11	45	25	25	11	26	23	15	53	110	0	2	1	34	37	20	6	10	40	12	38	18	295	326	55	0	42	4	37	8	317	2	2	79	44	9	3	0	57
ZOTU27	6	5	5	3	6	4	7	5	40	64	7	9	3	74	28	5	6	12	30	17	43	22	298	184	269	7	436	61	507	116	626	8	8	10	118	32	20	5	168
ZOTU28	18	22	42	15	29	35	37	11	291	307	2	44	4	38	39	50	26	28	40	67	89	51	278	195	323	6	529	31	230	33	287	0	2	0	51	0	0	2	17
ZOTU36	12	48	23	28	20	34	14	11	48	70	88	63	69	462	25	34	34	44	16	19	25	28	124	64	104	1	109	10	131	6	114	79	63	219	196	212	248	109	185
ZOTU25	8	42	30	6	18	25	39	22	231	267	73	134	70	695	62	68	73	36	98	86	107	48	409	250	446	13	679	35	437	63	321	5	11	34	370	39	72	47	294
ZOTU60	8	49	12	21	15	16	19	7	38	22	11	12	34	180	5	12	53	37	12	8	11	6	15	13	43	1	44	6	52	5	24	27	12	135	179	28	43	50	115
ZOTU31	5	8	5	1	0	7	5	3	18	34	1	7	5	42	31	16	25	9	23	20	18	21	194	168	415	9	481	27	856	105	522	0	4	1	6	7	0	2	30
ZOTU191	1	13	11	2	2	1	6	2	20	40	8	5	3	34	8	2	0	4	5	4	4	4	24	21	6	0	20	2	27	4	34	11	21	33	158	13	10	26	61
ZOTU85	5	5	4	1	2	12	3	17	9	44	0	0	1	6	12	18	8	7	11	18	10	9	76	88	56	1	120	12	128	35	52	0	0	0	4	0	1	0	0
ZOTU57	12	65	14	18	13	80	23	10	54	96	12	14	17	93	59	26	36	40	193	20	21	32	122	79	106	6	88	17	208	31	104	20	7	16	67	34	21	24	62
ZOTU145	6	3	3	1	10	2	1	5	7	18	0	0	0	0	0	0	0	0	0	0	2	0	0	3	23	2	26	2	72	6	10	0	0	0	1	0	0	0	0
ZOTU113	1	5	7	0	6	2	0	3	4	36	1	4	1	24	2	1	1	1	19	2	2	6	54	43	12	0	10	0	15	1	26	2	8	5	75	15	10	6	73
ZOTU90	3	5	7	6	6	6	5	4	29	67	0	1	0	4	17	10	18	15	35	30	24	15	153	105	219	2	350	15	265	31	190	0	0	0	2	0	0	0	5
ZOTU83	7	19	20	4	1	8	6	11	29	35	0	8	5	45	12	15	13	24	27	17	48	18	99	63	44	0	73	4	45	1	123	3	0	5	6	8	9	1	30
ZOTU79	2	1	0	0	0	0	0	0	0	1	12	7	17	72	12	4	2	2	3	1	5	1	16	4	5	0	4	0	1	0	3	6	6	12	126	18	15	6	106
ZOTU476	2	2	1	3	2	1	5	2	0	2	0	0	0	0	0	0	0	0	0	0	0	0	0	0	0	0	0	0	0	0	0	0	0	0	2	0	0	0	0
ZOTU70	1	2	3	2	1	0	2	1	21	37	0	6	0	14	6	18	22	7	41	44	40	34	128	150	48	1	102	10	108	18	65	0	0	0	2	0	2	0	9
ZOTU136	10	10	10	25	4	10	6	5	39	6	0	0	2	14	10	1	2	7	7	1	10	6	65	109	9	0	13	2	27	3	51	1	1	17	5	3	1	0	32
ZOTU14	42	97	79	23	58	57	84	53	253	449	1	4	1	0	141	59	22	55	106	98	80	86	521	407	224	8	342	71	474	75	496	0	0	0	1	1	0	0	11
ZOTU45	25	28	63	15	17	23	25	16	165	276	132	137	102	849	41	36	24	25	82	74	58	52	229	113	118	1	195	18	103	12	160	15	33	25	399	40	36	31	307
ZOTU40	4	13	2	3	5	6	13	5	12	29	43	96	60	564	9	0	0	0	11	2	7	1	51	28	83	0	105	17	107	39	239	29	36	27	244	97	69	37	447
ZOTU7	28	291	61	29	293	51	50	40	150	221	30	39	45	174	60	44	78	118	384	48	146	46	310	250	1258	0	198	19	61	41	172	71	21	13	329	163	124	32	1872
ZOTU419	4	1	0	3	0	0	0	1	0	6	0	0	0	0	0	0	0	0	1	0	0	0	0	0	0	0	0	0	0	0	0	0	0	0	0	0	0	0	0
ZOTU119	8	9	5	1	4	7	10	4	42	86	0	0	0	0	9	3	11	16	15	14	13	16	78	80	29	2	44	3	48	4	41	0	0	0	0	0	0	0	0
ZOTU273	3	0	0	0	0	0	1	3	5	15	0	4	5	44	5	6	2	0	3	6	4	2	25	19	25	1	38	1	27	1	34	1	4	4	66	6	7	7	28
ZOTU225	6	0	2	1	0	0	4	2	8	34	0	0	0	4	0	0	0	0	0	0	0	0	0	0	0	0	1	1	21	14	2	5	4	0	25	2	4	1	41
ZOTU73	12	20	27	5	10	18	17	8	56	190	0	0	0	1	56	44	32	25	48	30	24	32	217	180	0	0	0	0	3	2	0	0	0	0	0	0	0	0	0
ZOTU18	2	12	5	4	3	16	10	6	22	44	12	19	26	253	18	51	19	12	95	33	70	45	258	121	229	1	226	14	363	46	284	111	56	135	525	124	178	199	649
ZOTU104	8	11	15	7	8	13	13	8	90	152	0	4	4	13	22	41	34	40	44	87	34	24	237	120	38	2	85	12	70	17	89	0	2	1	12	0	3	1	28
ZOTU49	5	10	11	10	7	22	7	8	37	96	4	7	11	116	12	10	5	7	11	12	4	11	115	86	137	0	267	13	501	32	317	1	22	6	141	26	17	10	106
ZOTU63	15	56	22	7	26	27	48	30	121	289	0	1	2	6	14	39	27	15	24	30	24	25	99	111	71	1	113	9	59	8	60	0	0	0	2	0	1	0	6
ZOTU39	10	36	11	27	16	14	26	21	34	98	53	48	93	216	26	13	22	26	91	20	29	35	133	139	58	0	103	8	99	15	110	90	51	200	393	131	79	83	170
ZOTU139	1	1	0	0	1	0	1	0	1	6	2	0	2	4	0	0	0	0	0	1	0	0	11	6	4	0	6	0	6	0	2	20	5	16	245	2	2	2	89
ZOTU76	7	20	20	3	5	7	15	13	15	117	14	21	12	127	6	2	2	6	28	10	14	20	69	116	32	0	40	10	74	32	146	0	10	14	56	5	13	4	24
ZOTU378	5	4	9	2	5	10	5	8	34	96	0	4	0	13	18	19	6	5	9	14	11	12	147	53	92	1	153	4	163	12	95	0	0	3	27	1	1	1	7
ZOTU213	3	30	4	0	2	0	2	1	5	13	0	0	0	3	1	2	0	0	0	0	2	3	1	0	5	0	1	0	6	4	6	5	11	10	77	12	16	21	43
ZOTU62	2	25	13	3	1	2	2	3	22	35	0	0	0	9	52	10	11	10	22	14	21	20	225	156	132	7	106	8	205	29	329	0	0	0	10	4	2	5	5
ZOTU87	4	14	9	5	7	18	10	1	39	68	6	5	6	62	18	4	0	6	63	11	12	12	155	116	18	2	55	4	18	8	181	3	11	16	310	18	7	20	103
ZOTU176	1	1	1	5	7	2	5	4	24	52	17	12	8	120	1	1	0	1	13	5	4	0	14	19	9	0	6	1	11	1	2	18	15	13	213	8	17	6	105
ZOTU252	5	7	3	2	2	3	1	3	4	38	0	0	2	1	5	0	0	1	1	2	0	1	19	24	8	0	1	0	4	3	2	0	0	0	0	0	0	0	0
ZOTU41	1	5	7	1	8	7	11	4	51	72	52	58	37	365	36	31	28	22	31	27	35	33	145	119	139	3	193	21	218	39	111	33	27	32	419	64	43	58	311
ZOTU99	1	9	3	1	1	9	1	3	21	69	9	7	2	106	19	7	9	9	30	41	16	27	94	40	72	1	90	2	85	8	59	1	1	1	31	10	16	15	77
ZOTU66	19	90	59	27	49	34	21	31	47	28	19	8	44	38	17	1	4	24	6	2	7	7	11	22	24	4	104	12	104	26	57	0	2	2	3	14	4	0	1
ZOTU416	1	0	0	0	0	0	0	0	1	3	0	0	0	3	0	0	0	0	0	0	0	2	3	0	10	0	5	0	8	0	7	0	0	0	0	0	0	0	0
ZOTU107	2	0	2	0	2	3	3	2	3	14	0	4	0	15	1	1	0	2	1	1	0	0	9	7	15	0	11	2	15	0	5	0	1	0	26	7	6	2	13
ZOTU24	11	11	14	9	10	45	10	32	70	291	14	17	14	200	27	33	50	39	55	30	86	66	147	78	159	6	177	20	298	29	374	358	26	175	229	110	52	19	116
ZOTU67	6	9	9	5	10	11	4	3	78	79	2	8	2	52	4	4	3	6	5	148	8	3	39	1	31	0	197	19	59	5	23	3	2	4	13	1	9	1	118
ZOTU100	7	28	21	9	3	14	3	7	12	50	0	1	2	19	10	4	0	1	3	2	1	8	18	15	79	1	71	3	89	34	160	1	3	3	34	5	2	9	29
ZOTU89	7	7	5	1	2	3	2	3	49	39	3	16	4	42	8	7	15	12	20	13	8	3	94	31	97	0	34	5	119	8	58	4	1	4	94	10	5	10	44
ZOTU514	2	0	2	0	0	0	0	0	0	2	0	0	0	5	1	0	0	0	0	0	2	0	5	3	5	0	2	0	0	0	1	0	1	0	1	1	0	0	0
ZOTU231	4	11	2	2	4	4	6	3	19	34	0	0	0	0	5	1	0	1	8	4	2	1	12	2	1	0	5	0	7	0	1	0	0	0	0	0	0	0	0
ZOTU243	4	1	0	2	1	0	3	1	5	3	2	2	1	21	0	0	0	0	0	0	0	0	0	8	10	0	10	2	17	2	24	0	0	0	11	1	2	0	18
ZOTU475	2	11	6	6	7	4	10	6	9	15	0	0	0	0	6	4	3	15	13	5	14	9	6	8	6	2	27	4	18	5	34	0	0	0	0	7	3	1	3
ZOTU74	8	120	74	50	71	73	39	24	50	23	0	2	0	1	24	8	8	11	15	9	13	25	48	30	29	0	94	7	44	1	41	17	2	14	10	41	38	24	33
ZOTU43	15	4	7	1	4	5	5	5	45	33	0	2	0	1	1	3	6	1	3	6	2	0	10	15	631	8	941	39	339	41	452	0	0	0	0	0	0	0	0
ZOTU240	1	5	1	1	4	3	4	7	28	21	0	0	0	0	7	1	3	4	3	3	2	6	27	1	7	0	0	4	1	0	10	0	0	0	0	0	0	0	0
ZOTU152	3	0	2	1	0	0	1	0	5	7	0	1	2	6	0	0	7	1	6	12	2	2	20	4	46	1	53	5	53	4	51	0	0	0	1	1	2	1	29
ZOTU281	1	3	1	1	6	3	0	0	0	30	4	2	1	17	0	0	0	1	1	2	1	0	3	0	7	0	6	0	1	0	0	0	0	1	13	1	2	0	2
ZOTU203	5	17	8	8	21	30	14	13	8	32	2	8	4	30	0	0	0	1	0	1	0	5	17	3	12	0	3	2	5	0	7	8	0	10	6	9	0	2	12
ZOTU155	1	2	1	0	0	8	3	5	4	30	1	5	2	16	8	8	33	12	11	18	6	13	120	77	20	0	40	2	30	5	22	0	0	2	18	4	3	1	4
ZOTU173	2	3	4	0	0	1	0	0	15	27	2	1	0	0	2	2	2	0	0	1	2	0	11	8	0	0	4	0	3	1	4	0	2	0	1	0	0	0	2
ZOTU298	1	0	0	0	1	3	0	5	3	4	0	0	0	0	1	0	1	2	2	0	1	0	4	8	1	0	4	0	0	0	0	0	0	0	3	0	0	0	1
ZOTU80	2	3	2	0	0	8	2	0	20	26	0	0	0	1	0	0	0	0	0	0	0	0	4	1	39	0	84	6	63	10	40	0	0	0	0	0	0	0	1
ZOTU221	1	4	3	2	1	2	3	5	19	16	0	0	1	1	6	8	0	2	4	1	1	1	13	16	20	0	52	3	55	7	28	0	0	1	2	0	0	0	2
ZOTU105	4	14	9	0	4	4	12	2	21	51	1	3	0	5	9	8	4	2	4	6	5	1	51	19	87	1	85	4	101	21	97	1	0	2	31	0	0	2	2
ZOTU426	1	0	0	0	0	0	0	0	1	4	0	0	0	0	0	0	0	0	0	0	0	0	2	1	0	0	2	0	3	0	2	0	0	0	0	0	0	0	0
ZOTU98	4	3	3	11	11	2	1	0	0	0	0	1	0	3	1	0	2	0	0	0	0	0	3	0	0	0	0	0	2	0	1	2	1	5	1	4	4	0	4
ZOTU108	1	0	0	0	0	2	0	1	1	6	0	0	0	0	0	0	0	0	0	1	0	0	0	0	0	0	0	1	0	0	0	0	0	0	0	0	0	0	0
ZOTU178	3	3	6	1	6	2	0	4	12	42	4	4	4	66	6	5	1	2	7	17	4	5	22	41	32	1	55	3	38	4	48	0	3	2	25	3	6	5	33
ZOTU400	1	3	0	0	0	2	0	0	10	7	1	0	0	1	0	0	1	0	0	0	1	0	1	0	0	0	4	0	0	0	1	0	0	0	4	0	1	0	0
ZOTU71	1	2	3	1	2	4	7	5	22	11	4	23	6	109	7	5	7	3	18	4	2	3	36	35	130	6	258	19	116	16	69	2	10	10	171	16	16	18	154
ZOTU68	6	11	9	12	4	7	13	7	82	124	0	3	4	6	10	19	19	17	34	10	18	15	59	106	57	1	96	6	112	9	61	3	6	26	137	7	7	0	18
ZOTU120	1	3	4	2	27	55	67	6	9	73	0	0	0	2	2	0	2	52	84	24	6	0	109	14	75	0	13	4	21	2	19	76	18	29	37	43	12	0	8
ZOTU283	2	0	0	0	1	0	1	0	1	1	1	0	0	17	0	0	0	1	0	5	0	0	6	2	7	0	8	0	3	0	3	2	1	3	17	1	3	1	9
ZOTU197	6	4	5	1	0	2	1	2	8	0	0	0	0	6	7	2	5	1	7	2	3	5	28	37	16	0	14	4	8	2	29	1	10	2	4	1	3	4	13
ZOTU293	1	2	0	2	0	1	0	0	1	4	0	2	0	11	6	3	2	6	12	10	6	4	14	15	12	0	7	0	11	2	4	0	0	0	7	0	1	0	11
ZOTU308	1	0	0	0	0	0	0	2	0	2	0	6	0	11	2	0	0	1	0	0	1	0	0	0	0	0	5	0	1	1	6	0	0	0	0	0	0	0	0
ZOTU53	3	10	4	5	6	29	17	3	30	118	0	1	1	8	12	13	10	4	17	14	15	7	64	31	214	2	304	19	383	38	284	2	4	1	36	15	9	7	48
ZOTU270	1	2	2	0	0	0	2	1	3	12	3	6	1	48	0	2	8	1	4	7	2	1	10	14	29	0	28	5	39	1	36	3	5	13	50	7	7	3	34
ZOTU262	3	0	1	1	0	1	1	0	4	1	0	0	0	1	1	0	2	2	3	3	2	0	6	0	23	0	17	1	11	5	4	0	0	0	0	0	0	0	4
ZOTU417	2	1	0	0	0	0	0	0	3	5	0	0	0	0	0	0	0	0	0	0	1	0	1	1	1	0	0	0	0	0	3	0	0	0	0	0	0	0	0
ZOTU190	3	6	14	6	8	0	9	2	14	15	0	0	0	3	1	0	0	3	0	0	0	0	4	2	13	2	43	4	25	2	10	1	1	1	27	2	7	2	16
ZOTU517	2	0	0	0	0	0	1	0	0	0	0	0	0	0	0	0	0	0	0	0	0	0	4	5	0	0	4	0	1	2	0	0	0	0	0	0	0	1	1
ZOTU81	1	1	0	1	0	1	0	0	0	0	4	4	27	53	7	2	85	309	48	10	23	2	55	8	14	0	13	4	18	17	27	41	9	42	42	35	36	15	14
ZOTU56	4	2	0	1	1	4	4	4	36	30	54	66	70	443	3	4	7	1	3	3	4	4	17	4	11	1	13	3	21	4	10	22	23	41	604	43	21	16	254
ZOTU307	2	0	1	1	1	0	0	0	6	16	0	0	0	8	3	2	0	0	1	3	0	0	3	0	4	0	3	0	8	2	11	0	0	0	0	0	0	0	0
ZOTU492	1	2	0	0	0	0	0	0	0	2	0	0	0	0	0	0	0	0	0	0	0	0	2	0	0	0	6	0	3	0	1	0	0	0	0	0	0	0	1
ZOTU103	1	1	3	2	2	1	12	0	3	6	1	1	2	60	9	5	0	1	16	0	9	6	120	69	11	2	62	8	29	5	124	7	22	3	143	53	20	20	237
ZOTU226	1	0	0	0	1	0	1	0	2	8	0	0	0	0	6	5	8	8	10	10	5	3	66	17	0	0	0	0	0	0	0	0	0	0	0	0	0	0	0
ZOTU161	1	1	2	0	0	0	1	2	6	11	2	5	4	21	1	0	0	0	0	1	0	2	5	0	56	1	109	12	71	14	29	0	0	0	0	0	0	0	1
ZOTU279	1	1	0	2	0	0	0	0	1	2	0	0	0	7	2	0	0	1	0	2	1	0	16	0	5	0	12	0	1	0	1	0	0	0	14	6	6	3	23
ZOTU131	3	2	3	0	3	0	7	0	4	26	0	6	0	0	3	0	1	2	3	3	5	4	6	15	39	3	33	6	18	1	20	0	0	0	0	0	2	0	21
ZOTU496	1	0	1	0	0	0	0	0	0	0	0	0	0	2	0	0	0	0	0	0	0	0	0	1	2	0	0	0	0	0	1	0	0	1	5	0	0	0	1
ZOTU235	1	0	1	0	1	1	1	0	3	6	4	0	1	11	1	1	2	0	1	1	0	2	2	4	0	0	1	0	1	0	0	2	3	24	144	0	0	1	1
ZOTU336	2	0	1	0	1	0	0	0	10	18	0	3	0	9	0	0	0	0	0	0	0	0	0	0	2	0	3	0	4	0	1	0	1	0	5	0	0	0	0
ZOTU309	1	0	1	0	0	0	0	0	3	15	0	1	1	11	1	3	0	2	0	1	2	0	10	1	12	0	9	0	0	0	3	2	0	0	2	0	0	0	3
ZOTU410	1	4	3	0	0	0	1	0	4	6	0	0	0	3	1	0	0	0	1	0	0	0	3	2	0	0	0	0	1	0	9	3	0	0	3	2	0	0	5
ZOTU523	0	2	1	0	0	0	0	0	0	0	0	0	0	2	0	0	0	0	0	0	0	0	1	0	0	0	8	0	0	3	1	0	0	0	0	0	0	0	0
ZOTU114	0	21	26	14	55	43	15	4	5	16	0	0	0	1	5	6	0	0	8	0	3	0	0	0	11	0	39	6	12	1	8	2	0	0	0	0	0	0	1
ZOTU258	0	2	1	1	4	1	0	0	0	0	0	0	0	0	0	0	0	0	0	0	0	0	38	0	0	0	0	0	0	0	0	0	1	2	0	6	3	2	2
ZOTU65	0	1	0	0	1	0	0	0	0	0	7	4	8	12	3	0	29	11	23	16	43	23	20	11	1	0	0	0	0	0	1	7	11	9	16	18	327	18	20
ZOTU150	0	2	0	0	0	0	0	0	1	2	0	0	0	1	1	1	0	0	0	0	0	0	6	3	2	0	2	0	0	0	0	0	0	0	2	0	0	0	0
ZOTU366	0	15	1	2	2	4	3	4	6	17	1	2	2	7	3	12	0	4	2	2	3	2	32	4	10	4	42	3	41	8	41	0	4	4	26	6	2	4	4
ZOTU146	0	7	4	0	3	4	9	2	19	28	7	2	11	72	2	3	8	7	7	21	13	10	61	38	36	0	39	6	53	16	61	11	9	8	101	6	8	10	54
ZOTU96	0	1	0	0	0	0	0	0	1	1	0	2	0	1	0	0	0	0	0	0	0	0	0	0	100	3	122	13	291	45	129	0	0	0	2	1	0	2	2
ZOTU321	0	1	0	0	0	0	0	0	0	0	5	6	19	50	0	1	0	0	0	0	0	0	0	0	0	0	0	0	0	0	1	0	3	1	21	0	0	0	7
ZOTU454	0	1	0	0	0	0	0	0	0	0	0	0	0	0	0	0	0	0	0	0	0	0	0	0	0	0	0	0	0	0	0	0	0	0	0	0	0	0	0
ZOTU274	0	1	1	0	0	0	3	1	6	3	0	0	4	10	1	0	4	1	0	4	4	3	9	6	4	0	10	1	11	1	7	2	0	0	14	0	2	0	10
ZOTU257	0	1	0	0	0	0	0	0	0	0	0	0	0	0	0	0	0	0	0	0	0	0	0	0	0	0	0	0	0	0	0	0	0	0	0	0	0	0	0
ZOTU479	0	1	0	0	0	0	0	0	0	0	0	0	0	0	3	2	0	3	2	0	0	0	5	0	0	0	1	0	0	0	0	0	0	0	0	0	0	0	0
ZOTU251	0	1	4	0	0	2	0	0	0	1	0	0	0	1	2	2	0	0	2	0	0	0	0	13	0	0	0	0	3	0	10	2	2	1	24	5	1	5	48
ZOTU502	0	1	0	0	0	0	0	1	3	2	3	3	6	24	1	0	2	1	7	0	0	1	2	10	7	0	10	3	3	0	3	0	0	0	17	0	2	0	4
ZOTU303	0	3	1	0	0	2	3	6	7	5	0	0	0	0	1	0	2	1	1	3	3	6	25	11	18	0	28	2	10	3	14	0	0	0	0	0	0	0	0
ZOTU351	0	7	3	1	2	3	1	3	18	17	10	19	8	159	3	3	0	1	4	3	3	4	9	3	12	0	18	0	8	4	21	4	2	5	122	9	7	3	65
ZOTU478	0	1	0	0	0	0	0	0	0	0	0	0	0	1	0	0	0	0	0	0	0	0	0	0	2	1	10	0	1	0	1	0	0	0	0	2	2	0	6
ZOTU524	0	1	0	0	0	1	3	1	0	1	4	3	4	6	1	1	0	0	0	1	2	0	5	1	2	1	0	0	2	0	3	1	0	4	3	0	2	1	1
ZOTU192	0	1	6	2	9	2	20	5	34	63	0	0	0	1	0	0	3	1	1	24	0	2	36	30	8	0	11	0	12	3	4	0	0	0	0	1	0	0	8
ZOTU277	0	1	0	0	3	0	0	0	0	4	1	3	0	19	3	0	0	2	2	3	3	0	28	5	5	0	5	0	9	1	8	0	0	2	9	2	0	1	7
ZOTU459	0	1	2	0	1	0	4	0	1	11	0	0	0	0	0	1	0	0	0	1	0	0	7	6	1	0	3	0	1	1	2	0	0	0	2	1	0	0	1
ZOTU392	0	3	0	0	0	0	0	0	3	10	0	4	5	17	2	3	0	0	0	0	3	0	5	0	0	0	2	2	7	1	1	0	0	0	0	1	0	0	0
ZOTU224	0	1	0	0	0	1	1	0	2	2	0	0	1	8	2	0	0	0	1	1	1	0	3	1	2	0	5	1	1	1	2	0	0	0	0	0	0	0	2
ZOTU422	0	8	3	0	0	2	4	4	12	28	0	2	0	1	3	0	0	0	0	0	0	0	0	0	12	0	22	5	12	2	6	0	0	0	0	0	0	2	0
ZOTU343	0	5	0	0	0	0	2	0	0	1	0	0	0	1	1	0	0	0	1	0	0	0	11	10	6	0	5	1	10	2	12	0	0	0	1	0	0	0	0
ZOTU461	0	3	1	0	0	2	0	1	5	6	0	0	0	0	1	0	0	0	0	0	2	0	0	0	0	0	0	0	0	0	0	0	0	0	0	0	0	0	0
ZOTU296	0	2	0	0	1	0	0	3	11	7	1	1	1	20	0	1	4	0	2	0	0	1	11	0	8	0	13	0	4	2	25	0	0	0	1	0	0	0	0
ZOTU472	0	1	0	0	0	0	0	0	0	0	0	0	0	0	2	0	0	0	0	0	0	0	2	2	1	0	0	0	3	0	2	0	0	0	0	0	0	0	0
ZOTU467	0	7	0	0	8	0	2	0	0	0	1	1	1	4	1	0	1	5	0	0	0	0	0	1	2	0	1	0	2	0	3	0	0	4	1	2	4	0	9
ZOTU101	0	1	0	0	4	2	2	4	2	5	4	7	16	89	1	0	4	0	0	8	2	2	21	1	14	0	71	5	20	0	34	44	5	9	138	13	45	41	136
ZOTU61	0	1	0	1	0	1	0	4	1	15	15	19	41	285	0	1	0	0	1	24	1	1	50	12	17	0	13	0	14	2	57	94	34	50	463	28	30	60	252
ZOTU456	0	2	4	1	1	8	2	3	10	60	0	0	0	0	5	2	2	2	3	0	4	0	39	6	0	0	0	0	1	0	0	1	2	2	13	1	0	0	5
ZOTU468	0	1	0	0	0	0	1	0	0	0	0	0	0	0	3	1	0	1	0	0	0	0	0	0	1	2	3	1	1	1	1	0	0	0	0	1	0	2	1
ZOTU519	0	2	0	0	0	0	0	0	0	3	0	0	0	0	0	0	0	0	0	0	0	1	3	2	0	0	0	0	0	0	0	0	0	0	0	0	0	0	0
ZOTU77	0	2	0	3	6	5	15	1	4	27	16	11	11	97	1	0	0	0	1	2	1	0	5	11	34	0	11	2	36	11	32	2	9	12	73	22	24	8	120
ZOTU127	0	4	0	0	0	0	0	0	1	0	3	7	1	85	2	0	2	1	4	0	1	0	30	33	19	0	30	4	54	17	147	1	1	5	15	10	9	4	30
ZOTU92	0	4	7	3	1	0	5	1	2	21	0	1	0	1	12	6	1	4	53	11	11	3	107	74	7	0	20	1	13	6	33	4	2	1	20	3	5	0	14
ZOTU184	0	2	0	3	6	1	8	3	9	7	0	0	0	0	0	0	0	0	15	0	1	0	3	0	2	0	0	0	27	0	12	0	0	0	2	1	9	1	17
ZOTU168	0	1	0	0	0	0	0	0	0	0	0	0	0	0	0	0	0	0	0	0	0	0	0	0	0	0	0	0	0	0	0	0	0	0	0	0	0	0	0
ZOTU317	0	3	1	0	9	4	4	0	0	0	3	4	5	15	0	0	0	10	0	3	0	0	4	18	6	0	16	3	6	2	7	5	0	2	2	3	3	1	6
ZOTU123	0	5	1	0	1	3	3	0	9	18	21	16	16	168	6	5	1	3	2	9	1	3	33	38	11	2	52	7	35	4	39	6	14	17	206	37	42	20	163
ZOTU91	0	2	3	0	1	2	3	0	15	24	5	9	1	61	6	2	0	0	4	7	7	3	18	22	17	1	12	1	30	0	16	3	0	3	40	2	4	2	24
ZOTU248	0	1	6	0	0	1	2	2	10	11	0	0	0	1	2	0	1	4	8	1	6	2	23	13	11	0	8	1	5	1	10	0	0	0	0	0	0	0	1
ZOTU347	0	1	0	0	0	0	1	0	3	13	0	1	1	32	0	2	0	0	0	0	1	0	9	0	10	0	0	0	5	0	9	0	0	0	0	0	0	0	0
ZOTU218	0	1	0	0	0	0	2	1	0	1	0	0	0	2	0	0	0	5	0	0	0	0	0	0	0	0	0	0	0	0	0	0	1	0	2	0	2	0	0
ZOTU35	0	3	0	0	2	2	3	0	8	5	8	18	19	211	44	9	17	17	57	56	54	41	215	113	293	1	417	22	458	35	288	16	57	56	758	49	82	96	312
ZOTU401	0	1	0	0	0	0	0	1	3	8	0	0	0	0	1	0	0	0	1	0	0	0	10	0	0	0	0	0	1	1	4	0	0	0	0	0	0	0	0
ZOTU94	0	2	0	0	0	0	0	0	0	3	8	10	5	73	4	3	0	1	8	14	12	4	38	19	0	0	0	0	0	0	0	11	27	66	343	27	7	31	54
ZOTU455	0	1	2	1	2	1	1	0	6	0	0	0	0	0	0	4	0	2	0	0	2	0	0	0	0	0	0	0	0	0	0	0	0	0	0	0	0	0	0
ZOTU207	0	1	0	0	1	0	0	0	3	2	1	0	0	0	1	0	0	0	1	0	0	0	0	0	0	0	0	0	0	0	0	0	0	0	0	1	0	1	3
ZOTU328	0	1	0	0	1	0	0	0	0	1	1	4	0	9	0	2	0	0	3	1	0	0	2	2	0	1	2	2	4	3	1	0	0	0	6	3	11	1	28
ZOTU503	0	1	0	0	1	1	0	0	3	17	0	0	0	0	0	0	0	0	0	0	0	0	0	0	0	0	0	0	0	0	0	0	0	0	0	0	0	0	0
ZOTU59	0	1	1	0	4	1	2	0	8	2	0	0	3	2	5	1	2	1	3	4	3	4	22	6	303	7	410	36	366	47	309	0	0	0	7	1	0	0	2
ZOTU345	0	2	2	1	0	0	0	0	4	4	0	0	0	0	1	1	0	0	0	0	2	1	4	6	0	0	0	0	0	0	0	0	0	0	0	0	0	0	0
ZOTU487	0	1	0	0	0	0	3	2	0	4	0	0	0	4	0	0	0	0	0	0	0	0	7	0	0	0	2	0	1	1	3	0	0	0	0	0	1	1	0
ZOTU162	0	2	0	3	0	2	6	2	6	2	2	1	2	38	0	0	1	1	4	2	0	0	9	3	2	0	18	1	4	3	18	1	6	10	84	13	8	10	91
ZOTU291	0	1	0	0	0	0	0	0	1	7	0	1	0	15	0	0	3	0	0	5	0	0	4	3	4	0	13	1	10	1	3	0	1	3	9	2	1	0	11
ZOTU84	0	0	2	2	2	0	0	1	6	15	5	8	24	81	7	14	24	12	15	99	34	42	128	145	18	0	13	2	5	2	3	1	10	2	91	15	27	12	318
ZOTU158	0	0	1	0	0	1	0	0	10	6	0	0	0	4	0	1	0	0	1	0	0	0	4	1	0	0	2	0	2	0	5	0	0	1	2	0	0	1	1
ZOTU267	0	0	4	0	0	0	5	0	19	24	0	0	0	0	0	2	0	0	0	2	0	0	0	0	0	0	1	2	0	0	0	1	0	0	0	0	0	0	0
ZOTU278	0	0	1	0	1	1	0	5	4	22	0	0	0	0	3	8	1	0	3	3	0	2	0	25	6	0	2	0	7	2	3	0	0	0	0	0	0	0	0
ZOTU391	0	0	1	0	2	0	1	0	6	6	0	0	0	0	0	0	2	0	0	0	0	0	1	0	1	0	1	0	1	0	4	0	0	0	0	0	0	0	0
ZOTU484	0	0	2	1	0	0	0	0	0	5	0	0	0	0	0	0	0	0	0	0	0	0	0	0	2	0	3	0	2	1	2	0	0	0	0	0	0	0	0
ZOTU125	0	0	1	0	0	0	2	0	0	1	5	5	23	452	0	1	2	0	0	0	1	0	38	48	6	0	3	0	2	1	8	19	7	19	31	8	4	14	50
ZOTU51	0	0	1	0	5	9	3	8	32	41	22	57	16	268	22	5	6	10	10	6	8	13	59	23	237	3	443	19	496	51	262	9	4	0	21	9	8	5	25
ZOTU72	0	0	2	0	0	3	0	0	12	19	18	20	23	236	0	1	2	0	2	9	13	8	24	17	6	0	15	2	11	3	11	12	12	7	265	26	30	21	161
ZOTU381	0	0	1	0	0	0	0	1	1	3	0	0	0	0	0	0	0	0	1	0	1	0	5	4	8	0	6	0	10	0	8	0	0	0	1	0	0	0	1
ZOTU483	0	0	1	1	2	1	0	1	4	2	0	0	0	0	0	0	0	0	0	0	0	0	0	0	1	0	6	0	0	1	2	0	0	0	0	0	0	0	0
ZOTU135	0	0	1	1	2	1	3	2	2	6	16	16	17	179	2	1	6	1	4	1	6	1	10	15	4	1	5	1	11	1	4	7	5	3	68	14	12	11	58
ZOTU526	0	0	2	0	0	1	0	0	2	0	0	0	0	0	0	1	0	0	0	0	0	0	1	0	0	0	0	1	0	0	0	0	0	0	0	0	0	0	0
ZOTU223	0	0	1	0	1	0	1	0	1	3	1	4	0	7	14	7	8	7	12	6	1	5	71	44	0	0	0	0	0	0	0	0	0	0	0	0	1	0	0
ZOTU409	0	0	1	0	1	0	0	0	0	1	4	0	4	13	0	0	0	0	0	0	0	0	1	4	2	0	1	1	0	1	2	1	0	2	16	4	1	0	4
ZOTU340	0	0	3	0	2	0	1	0	5	8	0	0	0	0	0	0	0	0	0	0	0	1	0	11	0	0	0	0	0	0	0	0	0	0	0	0	0	0	0
ZOTU436	0	0	2	0	0	0	0	1	1	4	0	0	0	0	0	0	0	0	0	0	0	0	0	2	6	0	6	0	0	1	0	0	0	0	1	0	0	0	0
ZOTU167	0	0	1	0	0	0	0	0	0	0	0	5	1	5	0	0	0	0	0	0	0	0	0	0	0	0	0	0	0	0	0	0	0	0	0	0	0	0	0
ZOTU297	0	0	2	0	0	1	0	1	0	3	0	0	0	11	0	2	0	0	1	2	2	0	2	2	4	0	5	0	6	0	8	0	0	1	18	6	2	2	2
ZOTU342	0	0	1	0	1	0	0	0	0	3	0	0	0	1	0	1	2	0	1	0	0	0	0	12	1	0	5	0	0	0	3	0	1	0	12	2	0	0	1
ZOTU260	0	0	0	1	0	0	0	0	0	0	2	1	0	18	0	0	0	0	0	0	0	0	0	0	0	0	0	0	0	0	0	4	0	6	48	3	0	3	17
ZOTU121	0	0	0	2	0	2	0	0	0	0	0	0	0	0	0	0	0	0	0	0	0	0	1	0	0	0	0	0	0	0	0	0	0	0	1	2	0	0	0
ZOTU310	0	0	0	1	0	0	0	0	3	0	0	3	4	98	3	3	2	4	4	5	1	4	21	9	14	0	11	0	9	4	18	18	11	28	247	28	27	25	123
ZOTU431	0	0	0	1	0	0	0	0	0	2	0	0	1	11	0	0	0	0	0	0	0	0	3	0	0	0	0	0	0	1	1	0	0	0	4	0	0	0	2
ZOTU474	0	0	0	0	2	1	2	0	2	2	0	3	1	8	0	1	0	0	0	2	0	0	1	0	1	0	0	0	2	2	1	0	0	0	6	0	0	0	0
ZOTU513	0	0	0	0	4	1	4	0	0	5	0	0	0	2	0	0	0	0	0	3	0	1	6	4	1	0	5	0	5	3	3	0	0	0	1	2	0	0	4
ZOTU55	0	0	0	0	1	2	0	0	0	1	0	0	0	0	1	0	0	0	1	0	0	0	1	0	0	0	0	0	0	0	0	1	2	0	30	4	0	0	12
ZOTU515	0	0	0	0	2	0	0	0	0	0	0	0	0	0	1	0	0	0	1	2	0	0	3	0	0	0	0	0	2	0	6	0	0	0	3	0	0	0	0
ZOTU405	0	0	0	0	1	0	0	0	0	0	0	3	2	11	0	0	0	0	0	0	0	0	3	2	0	0	0	0	0	0	1	4	3	1	15	3	3	0	5
ZOTU111	0	0	0	0	1	0	1	0	2	0	10	9	12	60	0	0	3	0	0	9	2	3	0	0	6	0	1	0	8	0	1	44	19	19	255	13	8	13	91
ZOTU117	0	0	0	0	0	1	0	0	0	0	0	1	0	7	0	0	0	0	1	0	3	0	3	1	1	0	0	0	0	0	0	0	0	0	4	0	2	1	3
ZOTU447	0	0	0	0	0	1	0	0	3	1	0	0	0	0	0	0	0	0	0	1	0	0	4	0	1	0	7	0	1	2	3	0	0	2	0	0	0	0	0
ZOTU228	0	0	0	0	0	3	0	0	0	0	0	0	0	0	0	0	0	0	0	0	0	0	0	0	0	0	0	0	0	0	0	0	0	0	0	0	0	0	0
ZOTU275	0	0	0	0	0	2	0	1	4	10	0	0	0	0	0	4	0	1	2	1	0	1	8	4	2	0	6	0	2	1	8	0	0	0	0	0	0	0	0
ZOTU164	0	0	0	0	0	1	0	0	0	0	16	11	8	57	0	0	0	0	0	0	0	0	1	0	0	0	1	0	0	0	0	20	15	17	59	36	16	11	65
ZOTU180	0	0	0	0	0	1	0	0	1	0	0	0	0	1	22	3	19	2	29	16	91	10	3	50	9	0	0	0	1	0	0	1	0	3	8	0	0	1	8
ZOTU295	0	0	0	0	0	0	2	0	1	6	1	0	0	0	0	0	0	0	0	0	0	0	0	0	0	0	0	1	0	1	3	0	0	0	3	0	0	0	0
ZOTU217	0	0	0	0	0	0	5	0	0	1	8	2	3	40	1	0	0	0	0	2	0	1	11	6	3	0	2	0	5	0	11	8	12	14	202	17	12	16	43
ZOTU175	0	0	0	0	0	0	2	0	1	0	0	0	0	0	0	0	0	1	2	0	1	5	1	0	1	0	4	1	1	0	0	10	0	6	16	5	3	0	1
ZOTU396	0	0	0	0	0	0	1	0	1	1	0	0	2	1	0	0	0	1	0	0	0	0	2	0	0	0	2	0	0	0	0	0	0	0	0	0	0	0	0
ZOTU205	0	0	0	0	0	0	1	0	0	1	0	0	1	2	0	0	0	0	0	0	0	1	3	5	0	0	1	0	3	0	1	0	0	0	1	1	0	0	1
ZOTU143	0	0	0	0	0	0	1	0	1	3	1	1	2	14	0	0	0	0	1	1	0	0	7	19	2	0	4	0	0	4	0	9	25	41	182	22	21	29	101
ZOTU339	0	0	0	0	0	0	1	0	0	0	2	0	1	0	0	0	0	0	1	0	0	0	6	3	0	0	0	0	0	0	2	0	5	2	34	11	2	3	12
ZOTU362	0	0	0	0	0	0	1	0	0	1	0	0	0	0	5	4	0	5	1	1	2	6	22	3	1	0	0	0	0	0	0	0	0	0	0	0	0	0	4
ZOTU315	0	0	0	0	0	0	0	2	0	1	0	0	0	0	1	0	1	2	0	0	5	6	11	14	2	0	5	0	7	4	11	0	0	0	2	0	0	0	0
ZOTU50	0	0	0	0	0	0	0	1	0	0	1	0	0	6	0	0	0	0	0	0	0	0	5	0	0	2	2	2	0	0	1	2	0	4	4	2	2	0	3
ZOTU181	0	0	0	0	0	0	0	2	1	0	4	5	2	19	0	0	0	0	0	0	1	1	0	0	6	0	0	0	4	0	8	20	5	19	50	24	23	21	30
ZOTU448	0	0	0	0	0	0	0	1	1	1	0	0	0	0	0	0	0	0	0	0	0	0	0	0	4	0	3	2	6	0	1	0	0	0	3	0	0	0	2
ZOTU264	0	0	0	0	0	0	0	1	0	0	1	2	4	25	0	0	0	0	3	0	0	0	8	8	0	0	3	0	0	0	2	4	5	5	90	10	9	12	47
ZOTU116	0	0	0	0	0	0	0	0	2	0	0	0	0	0	1	1	0	0	0	0	0	0	0	0	0	0	7	0	5	0	3	0	2	0	0	0	0	0	0
ZOTU382	0	0	0	0	0	0	0	0	1	0	0	0	0	0	0	1	0	4	0	0	1	0	19	1	0	0	0	0	0	0	0	0	0	0	0	0	0	0	0
ZOTU97	0	0	0	0	0	0	0	0	9	2	0	0	0	0	0	1	0	0	1	0	0	0	2	4	69	0	92	17	95	12	54	0	0	0	0	0	0	0	1
ZOTU202	0	0	0	0	0	0	0	0	1	7	0	1	0	3	7	0	7	9	1	5	0	2	46	61	13	1	34	24	8	13	7	0	0	0	0	0	0	0	0
ZOTU232	0	0	0	0	0	0	0	0	8	5	0	1	0	2	0	1	1	1	0	1	3	2	12	2	3	0	5	1	1	1	11	0	0	0	0	0	0	0	0
ZOTU443	0	0	0	0	0	0	0	0	1	4	0	0	0	0	0	0	0	0	0	1	0	0	7	1	0	0	0	0	0	1	7	0	0	0	1	0	0	0	0
ZOTU438	0	0	0	0	0	0	0	0	1	0	0	2	0	13	0	0	1	0	0	1	1	0	0	1	6	0	4	0	3	0	5	3	0	4	19	5	1	3	10
ZOTU355	0	0	0	0	0	0	0	0	5	1	0	0	0	2	0	0	1	0	0	0	0	0	0	5	0	0	1	0	0	0	2	1	0	0	0	0	0	0	1
ZOTU334	0	0	0	0	0	0	0	0	7	18	0	0	0	0	5	1	1	2	1	1	1	1	7	22	3	0	4	0	10	0	13	0	0	0	0	0	0	0	0
ZOTU185	0	0	0	0	0	0	0	0	2	0	0	0	0	0	4	2	2	0	9	2	0	1	7	20	90	0	118	10	178	18	187	0	0	0	0	0	0	0	0
ZOTU269	0	0	0	0	0	0	0	0	1	9	0	0	0	0	0	0	0	0	0	0	0	0	2	1	20	3	66	0	13	2	22	0	0	0	0	0	2	0	0
ZOTU314	0	0	0	0	0	0	0	0	3	4	0	2	1	16	0	0	0	0	0	0	0	0	6	3	1	0	0	0	0	0	0	1	0	5	40	4	9	11	61
ZOTU276	0	0	0	0	0	0	0	0	1	2	0	0	2	16	0	0	0	0	1	0	0	1	9	2	0	0	2	0	6	1	1	1	0	7	36	5	7	3	10
ZOTU261	0	0	0	0	0	0	0	0	1	0	0	0	0	0	0	0	0	0	0	0	0	0	0	0	0	0	0	0	0	0	0	0	0	0	0	0	0	0	0
ZOTU395	0	0	0	0	0	0	0	0	1	2	0	0	0	3	0	0	0	0	0	1	0	0	0	2	0	0	1	0	0	0	3	1	0	0	5	0	0	0	1
ZOTU442	0	0	0	0	0	0	0	0	3	8	0	0	0	0	1	0	1	0	0	0	0	0	4	1	0	0	4	0	6	0	6	0	0	0	2	0	0	0	0
ZOTU469	0	0	0	0	0	0	0	0	1	3	0	0	0	0	0	0	0	0	0	1	0	0	0	2	5	0	3	0	1	0	1	0	0	0	0	0	0	0	0
ZOTU187	0	0	0	0	0	0	0	0	1	0	0	1	0	3	9	4	5	5	17	12	6	7	20	44	22	0	40	5	15	0	8	0	0	0	2	0	0	2	10
ZOTU102	0	0	0	0	0	0	0	0	1	0	2	7	13	71	0	0	0	0	0	0	0	0	0	3	0	0	0	0	0	0	0	4	23	3	58	17	24	13	109
ZOTU386	0	0	0	0	0	0	0	0	1	2	0	0	0	1	2	0	0	0	0	0	0	0	4	1	4	0	8	0	11	0	8	0	0	0	1	0	0	0	1
ZOTU463	0	0	0	0	0	0	0	0	0	1	0	2	0	1	1	0	0	0	0	0	0	0	0	0	0	0	0	0	0	1	1	0	0	0	7	4	4	2	0
ZOTU450	0	0	0	0	0	0	0	0	0	4	0	0	0	0	0	1	0	0	0	0	0	0	1	0	2	0	7	0	2	0	5	0	0	0	0	0	0	0	2
ZOTU398	0	0	0	0	0	0	0	0	0	7	0	0	0	0	1	2	0	0	0	3	1	0	13	2	1	0	0	0	0	0	0	0	0	0	0	0	0	0	0
ZOTU341	0	0	0	0	0	0	0	0	0	1	0	0	0	4	1	0	0	0	0	0	0	0	1	0	0	0	2	0	1	0	0	0	0	0	2	0	0	0	0
ZOTU525	0	0	0	0	0	0	0	0	0	1	0	0	0	0	0	0	0	0	3	0	0	0	1	0	3	0	2	0	3	0	1	0	0	0	0	0	0	0	0
ZOTU272	0	0	0	0	0	0	0	0	0	1	0	0	0	0	0	0	0	0	0	0	0	0	0	0	0	0	0	0	0	0	0	0	0	0	0	0	0	0	0
ZOTU367	0	0	0	0	0	0	0	0	0	1	5	1	3	20	0	0	0	0	0	0	0	0	0	0	0	0	1	0	0	0	0	0	0	0	3	1	4	3	11
ZOTU165	0	0	0	0	0	0	0	0	0	3	1	2	0	9	0	0	0	1	0	0	0	0	0	0	1	0	1	0	0	0	1	0	1	0	9	0	0	0	8
ZOTU245	0	0	0	0	0	0	0	0	0	1	0	1	0	0	0	0	0	0	0	0	0	0	3	0	0	0	0	0	0	0	0	0	0	0	0	0	0	0	0
ZOTU414	0	0	0	0	0	0	0	0	0	1	1	1	1	2	0	0	0	0	0	0	0	0	0	0	1	0	0	0	0	0	1	0	0	0	0	0	0	0	2
ZOTU280	0	0	0	0	0	0	0	0	0	1	2	0	0	3	0	0	0	0	0	0	0	0	0	0	0	0	0	0	0	0	0	1	2	2	33	1	5	1	6
ZOTU215	0	0	0	0	0	0	0	0	0	1	0	1	0	0	1	0	0	0	0	0	0	0	2	0	0	0	0	0	0	0	0	0	1	1	5	1	0	1	5
ZOTU460	0	0	0	0	0	0	0	0	0	1	2	0	0	0	0	0	0	0	0	0	0	0	0	0	0	0	1	0	0	0	1	0	1	1	0	1	0	0	0
ZOTU373	0	0	0	0	0	0	0	0	0	1	0	0	0	4	0	0	0	0	0	0	0	0	1	1	0	0	0	0	0	0	0	0	1	1	1	0	0	1	1
ZOTU300	0	0	0	0	0	0	0	0	0	2	0	0	0	0	0	0	0	0	1	0	0	0	0	1	0	0	0	0	1	0	1	0	0	0	0	0	0	0	0
ZOTU211	0	0	0	0	0	0	0	0	0	2	1	1	0	3	0	0	0	0	1	0	0	0	0	0	0	0	0	0	0	0	0	0	0	0	1	0	0	0	1
ZOTU364	0	0	0	0	0	0	0	0	0	2	0	0	0	0	0	0	0	0	0	0	0	0	0	0	0	0	0	0	0	0	0	1	3	2	9	2	0	0	8
ZOTU507	0	0	0	0	0	0	0	0	0	1	0	0	0	0	0	0	0	0	0	0	1	0	0	6	0	0	0	0	1	0	0	0	0	0	0	0	0	0	0
ZOTU494	0	0	0	0	0	0	0	0	0	1	1	0	0	1	0	0	0	0	0	0	0	0	0	0	0	0	1	0	0	1	0	0	3	1	10	3	0	0	5
ZOTU413	0	0	0	0	0	0	0	0	0	1	0	2	0	2	0	0	0	0	0	0	0	0	4	0	1	2	10	0	12	2	11	0	0	1	1	0	0	1	1
ZOTU133	0	0	0	0	0	0	0	0	0	0	25	2	43	335	0	0	0	0	0	0	0	0	2	0	0	0	0	0	0	0	4	0	0	0	0	0	0	0	4
ZOTU289	0	0	0	0	0	0	0	0	0	0	1	3	0	11	0	0	0	0	0	0	0	0	0	0	0	0	0	0	0	0	0	0	0	3	9	2	5	0	12
ZOTU263	0	0	0	0	0	0	0	0	0	0	2	2	3	28	0	0	0	0	2	0	1	0	0	1	0	0	0	0	2	0	7	0	3	7	42	3	0	0	5
ZOTU171	0	0	0	0	0	0	0	0	0	0	56	31	57	87	0	0	0	0	0	0	0	0	0	0	0	0	0	0	0	0	0	0	1	0	13	13	6	11	35
ZOTU124	0	0	0	0	0	0	0	0	0	0	19	42	26	149	0	0	0	0	0	0	0	0	0	0	0	0	0	0	0	0	1	1	2	1	69	25	19	14	183
ZOTU186	0	0	0	0	0	0	0	0	0	0	4	2	7	18	0	0	0	0	0	0	0	0	0	0	0	0	0	0	0	0	0	5	0	36	73	42	6	10	39
ZOTU403	0	0	0	0	0	0	0	0	0	0	1	0	0	1	0	0	0	0	0	0	0	0	0	0	0	0	0	2	0	0	1	0	6	4	15	1	2	3	8
ZOTU227	0	0	0	0	0	0	0	0	0	0	2	0	1	23	0	0	0	0	0	0	0	0	0	0	0	0	0	0	0	0	0	4	36	3	95	2	2	0	4
ZOTU233	0	0	0	0	0	0	0	0	0	0	10	8	11	76	0	1	2	3	0	1	0	3	2	1	1	0	0	1	1	0	3	0	0	0	0	0	0	0	0
ZOTU294	0	0	0	0	0	0	0	0	0	0	9	0	3	11	0	0	0	0	0	0	0	0	0	0	0	0	2	0	0	0	0	3	7	14	97	5	1	7	12
ZOTU299	0	0	0	0	0	0	0	0	0	0	9	2	10	66	0	0	0	0	0	0	0	0	0	0	0	0	0	0	0	0	0	0	0	0	0	0	0	0	4
ZOTU196	0	0	0	0	0	0	0	0	0	0	4	10	6	88	0	0	0	0	0	0	0	0	0	0	23	0	21	1	12	4	22	6	2	1	11	3	4	0	12
ZOTU302	0	0	0	0	0	0	0	0	0	0	9	14	2	58	0	0	0	0	0	0	0	0	0	0	0	0	0	0	0	0	0	0	0	1	1	0	0	0	5
ZOTU365	0	0	0	0	0	0	0	0	0	0	7	0	0	23	0	0	0	1	0	0	0	0	1	0	0	0	0	1	5	0	3	0	0	0	0	0	0	0	0
ZOTU193	0	0	0	0	0	0	0	0	0	0	12	11	18	123	0	0	0	0	0	0	0	0	0	1	5	0	5	0	0	0	5	0	0	2	5	1	3	0	41
ZOTU464	0	0	0	0	0	0	0	0	0	0	1	0	2	4	0	0	0	0	0	0	0	0	2	0	0	0	0	0	0	0	0	2	2	0	3	3	1	0	4
ZOTU128	0	0	0	0	0	0	0	0	0	0	3	0	1	9	0	0	0	0	0	0	0	0	0	0	0	0	0	0	0	0	0	0	0	0	0	0	0	0	0
ZOTU368	0	0	0	0	0	0	0	0	0	0	2	0	1	6	0	0	0	0	0	0	0	0	0	0	0	0	0	0	0	0	0	1	1	0	15	1	1	1	6
ZOTU208	0	0	0	0	0	0	0	0	0	0	4	10	9	34	0	0	0	0	0	0	0	0	0	1	0	0	0	1	0	0	2	2	2	3	44	7	17	6	42
ZOTU238	0	0	0	0	0	0	0	0	0	0	3	3	2	25	0	0	0	0	0	0	0	0	0	1	2	0	5	2	5	6	13	0	9	4	29	4	3	6	38
ZOTU284	0	0	0	0	0	0	0	0	0	0	1	4	9	28	1	1	0	0	0	0	0	0	0	0	5	0	10	1	1	0	4	0	0	2	0	0	4	0	22
ZOTU427	0	0	0	0	0	0	0	0	0	0	1	1	0	8	0	0	0	0	0	0	0	0	0	0	0	0	0	0	0	0	0	0	0	0	2	0	0	1	1
ZOTU316	0	0	0	0	0	0	0	0	0	0	1	0	1	15	0	0	1	0	0	0	3	2	7	0	0	0	1	0	0	0	3	1	1	2	38	5	3	3	12
ZOTU379	0	0	0	0	0	0	0	0	0	0	2	0	0	0	0	0	0	0	0	0	0	0	0	0	0	0	0	0	0	0	0	0	1	0	32	0	0	0	0
ZOTU352	0	0	0	0	0	0	0	0	0	0	1	3	2	37	0	0	0	0	0	0	0	0	0	0	0	0	0	0	0	0	0	0	1	0	2	0	0	2	8
ZOTU490	0	0	0	0	0	0	0	0	0	0	2	6	3	10	0	1	0	0	0	0	1	0	0	0	0	0	0	0	0	0	1	0	0	0	6	3	1	3	4
ZOTU172	0	0	0	0	0	0	0	0	0	0	5	0	3	36	0	0	0	0	0	0	0	0	0	0	0	0	0	0	0	0	2	12	3	18	111	17	10	6	47
ZOTU148	0	0	0	0	0	0	0	0	0	0	3	0	0	7	0	0	0	0	0	0	0	0	4	0	0	0	0	0	0	0	0	6	11	23	166	7	6	9	168
ZOTU301	0	0	0	0	0	0	0	0	0	0	1	0	0	16	0	0	0	0	0	0	0	0	0	0	0	0	0	0	0	0	0	9	2	8	19	7	3	1	7
ZOTU337	0	0	0	0	0	0	0	0	0	0	1	0	0	2	0	0	0	0	0	0	0	0	0	0	0	0	0	0	0	0	0	0	0	0	2	1	0	1	0
ZOTU473	0	0	0	0	0	0	0	0	0	0	1	2	0	5	0	0	0	0	0	0	0	0	0	0	0	0	0	0	0	0	0	0	0	2	11	0	0	0	0
ZOTU433	0	0	0	0	0	0	0	0	0	0	2	1	0	1	0	0	2	2	0	5	0	0	4	0	1	0	2	1	2	0	0	0	0	0	2	0	0	0	1
ZOTU201	0	0	0	0	0	0	0	0	0	0	1	0	0	0	0	0	0	0	0	0	0	0	0	0	0	0	0	0	0	0	0	0	0	0	1	1	0	0	0
ZOTU156	0	0	0	0	0	0	0	0	0	0	1	2	5	40	0	0	0	0	0	0	0	0	0	0	0	0	0	0	8	0	9	4	22	15	73	29	25	22	87
ZOTU313	0	0	0	0	0	0	0	0	0	0	0	2	0	16	0	0	0	0	0	0	0	0	0	0	0	0	0	0	0	0	0	2	0	1	15	2	3	1	12
ZOTU346	0	0	0	0	0	0	0	0	0	0	0	1	1	11	0	0	0	0	0	1	0	0	0	0	0	0	0	0	0	0	0	5	1	1	22	4	0	2	7
ZOTU244	0	0	0	0	0	0	0	0	0	0	0	1	0	0	0	0	0	0	0	0	0	0	0	0	0	0	0	0	0	0	1	0	0	0	0	0	0	0	1
ZOTU86	0	0	0	0	0	0	0	0	0	0	0	8	6	19	0	0	0	0	2	0	0	0	10	8	0	0	0	0	0	0	0	18	49	25	214	51	35	61	174
ZOTU118	0	0	0	0	0	0	0	0	0	0	0	4	0	6	0	0	0	0	0	0	0	0	1	1	1	0	3	0	1	0	2	0	0	0	4	2	0	0	3
ZOTU423	0	0	0	0	0	0	0	0	0	0	0	1	0	4	5	0	0	0	5	0	6	0	12	10	0	0	0	0	0	0	0	0	3	2	23	0	0	0	0
ZOTU508	0	0	0	0	0	0	0	0	0	0	0	1	0	1	0	0	0	0	0	0	0	0	0	0	0	0	0	0	0	0	0	0	0	2	3	0	0	2	2
ZOTU470	0	0	0	0	0	0	0	0	0	0	0	2	1	5	0	0	0	0	0	0	0	0	0	0	2	1	6	0	0	0	14	0	0	0	15	0	0	0	0
ZOTU330	0	0	0	0	0	0	0	0	0	0	0	1	0	16	0	0	0	0	4	0	0	0	0	0	0	0	0	0	0	0	0	1	0	0	5	8	14	4	48
ZOTU318	0	0	0	0	0	0	0	0	0	0	0	4	2	5	0	0	0	0	0	0	0	0	0	0	0	0	0	0	0	0	0	0	2	0	16	1	3	1	2
ZOTU399	0	0	0	0	0	0	0	0	0	0	0	1	0	0	0	0	0	0	0	0	0	0	0	0	0	0	0	0	0	0	1	0	2	3	11	0	4	0	6
ZOTU144	0	0	0	0	0	0	0	0	0	0	0	1	0	0	0	2	0	0	0	0	0	0	1	2	1	0	1	0	0	2	0	0	0	0	0	0	0	0	0
ZOTU140	0	0	0	0	0	0	0	0	0	0	0	1	0	1	0	0	0	0	0	0	0	0	0	0	0	0	0	0	0	0	0	5	1	0	5	0	0	2	6
ZOTU370	0	0	0	0	0	0	0	0	0	0	0	2	5	23	0	0	0	0	0	0	0	0	0	0	0	0	1	0	0	0	0	0	0	0	0	0	0	0	0
ZOTU323	0	0	0	0	0	0	0	0	0	0	0	1	0	6	0	0	0	0	0	0	0	0	2	0	0	0	0	0	0	0	0	1	2	8	30	2	4	1	15
ZOTU397	0	0	0	0	0	0	0	0	0	0	0	0	1	3	0	2	0	0	0	0	0	0	0	0	1	0	4	0	5	0	0	1	0	0	6	0	0	0	3
ZOTU210	0	0	0	0	0	0	0	0	0	0	0	0	1	1	0	0	0	0	0	0	0	0	4	3	19	1	51	9	19	7	72	0	0	0	0	0	0	0	0
ZOTU250	0	0	0	0	0	0	0	0	0	0	0	0	3	12	0	0	0	0	0	0	0	0	0	0	0	0	0	0	0	0	0	2	4	20	50	1	3	1	16
ZOTU462	0	0	0	0	0	0	0	0	0	0	0	0	2	13	0	0	0	0	1	0	4	0	2	1	0	0	0	0	1	0	0	0	0	0	0	2	0	0	1
ZOTU266	0	0	0	0	0	0	0	0	0	0	0	0	1	0	0	0	0	0	0	0	0	0	0	0	0	0	0	0	0	0	0	0	8	4	56	0	0	4	17
ZOTU439	0	0	0	0	0	0	0	0	0	0	0	0	0	2	0	0	0	0	0	1	1	0	1	0	0	0	0	0	0	0	0	3	1	2	8	3	0	2	0
ZOTU486	0	0	0	0	0	0	0	0	0	0	0	0	0	9	0	0	0	0	0	0	0	0	0	0	0	0	0	0	0	0	0	0	0	0	3	0	1	0	5
ZOTU326	0	0	0	0	0	0	0	0	0	0	0	0	0	1	0	0	0	0	0	0	0	0	1	0	0	0	0	0	0	0	0	0	0	0	2	0	0	0	0
ZOTU360	0	0	0	0	0	0	0	0	0	0	0	0	0	7	0	0	0	0	0	0	0	0	0	0	0	0	0	0	0	0	0	3	0	1	8	0	2	0	0
ZOTU147	0	0	0	0	0	0	0	0	0	0	0	0	0	15	0	0	0	0	2	0	0	1	4	3	0	0	0	0	0	0	0	0	0	2	5	2	1	0	1
ZOTU331	0	0	0	0	0	0	0	0	0	0	0	0	0	1	0	0	0	0	0	0	0	0	0	0	0	0	0	0	0	0	0	0	0	0	0	0	0	1	0
ZOTU335	0	0	0	0	0	0	0	0	0	0	0	0	0	7	0	0	0	0	0	0	0	0	0	0	0	0	1	0	0	0	0	0	5	1	59	1	3	2	5
ZOTU430	0	0	0	0	0	0	0	0	0	0	0	0	0	3	0	0	0	0	0	0	0	0	0	2	0	0	0	0	1	0	0	0	0	0	15	1	2	1	7
ZOTU432	0	0	0	0	0	0	0	0	0	0	0	0	0	1	0	0	0	0	0	0	0	0	0	0	0	0	0	0	0	0	0	0	0	0	0	0	0	0	0
ZOTU527	0	0	0	0	0	0	0	0	0	0	0	0	0	4	0	0	0	0	0	0	0	0	0	0	0	0	0	0	0	0	0	0	0	0	9	3	0	0	0
ZOTU359	0	0	0	0	0	0	0	0	0	0	0	0	0	1	0	0	0	0	0	0	0	0	0	0	0	0	0	0	0	0	0	1	8	9	31	0	0	0	0
ZOTU198	0	0	0	0	0	0	0	0	0	0	0	0	0	5	0	0	0	0	1	0	0	0	1	0	0	0	0	0	0	0	0	12	0	30	184	5	3	9	32
ZOTU434	0	0	0	0	0	0	0	0	0	0	0	0	0	1	0	0	0	0	0	0	0	0	2	0	3	0	1	0	1	2	0	0	0	0	0	0	0	0	2
ZOTU477	0	0	0	0	0	0	0	0	0	0	0	0	0	3	0	1	0	0	0	0	0	0	3	9	0	0	0	0	0	0	3	0	0	1	11	0	0	0	3
ZOTU408	0	0	0	0	0	0	0	0	0	0	0	0	0	1	0	0	0	0	0	0	1	0	3	0	2	0	2	0	0	0	0	0	0	0	0	0	0	0	0
ZOTU229	0	0	0	0	0	0	0	0	0	0	0	0	0	1	0	0	0	0	0	0	0	0	0	0	0	0	0	0	0	0	0	0	0	0	1	0	0	0	0
ZOTU480	0	0	0	0	0	0	0	0	0	0	0	0	0	7	0	0	0	0	0	0	0	0	0	1	0	0	0	0	0	0	1	0	0	1	8	0	0	2	2
ZOTU247	0	0	0	0	0	0	0	0	0	0	0	0	0	1	0	0	0	0	0	0	0	0	0	0	0	0	0	0	0	0	0	0	0	0	0	0	0	0	0
ZOTU206	0	0	0	0	0	0	0	0	0	0	0	0	0	1	0	0	0	0	0	0	0	0	0	0	0	0	0	0	0	0	0	9	2	18	160	3	1	4	16
ZOTU385	0	0	0	0	0	0	0	0	0	0	0	0	0	1	0	0	0	0	0	0	0	0	1	0	0	0	1	0	3	0	1	0	0	0	0	0	2	1	1
ZOTU500	0	0	0	0	0	0	0	0	0	0	0	0	0	5	0	0	0	0	0	0	0	0	0	0	0	0	0	0	0	0	0	0	0	0	2	4	2	0	0
ZOTU466	0	0	0	0	0	0	0	0	0	0	0	0	0	1	0	0	0	0	0	0	0	0	0	0	0	0	0	0	0	0	0	0	0	0	0	0	0	0	0
ZOTU130	0	0	0	0	0	0	0	0	0	0	0	0	0	1	0	0	0	0	0	0	0	0	0	0	0	0	0	0	0	0	0	0	0	0	0	0	0	0	0
ZOTU237	0	0	0	0	0	0	0	0	0	0	0	0	0	1	0	0	0	0	0	0	0	0	0	0	0	0	0	0	0	0	0	0	0	0	0	0	0	0	0
ZOTU182	0	0	0	0	0	0	0	0	0	0	0	0	0	0	1	0	0	0	0	0	3	2	0	1	0	0	0	0	0	0	0	0	0	0	0	0	0	0	0
ZOTU241	0	0	0	0	0	0	0	0	0	0	0	0	0	0	1	0	2	4	6	3	9	5	42	77	0	0	0	0	0	0	0	0	0	0	0	0	0	0	4
ZOTU216	0	0	0	0	0	0	0	0	0	0	0	0	0	0	19	16	7	1	5	3	8	1	18	18	0	0	0	0	0	0	0	0	0	0	0	0	0	0	0
ZOTU194	0	0	0	0	0	0	0	0	0	0	0	0	0	0	3	0	0	0	0	0	0	0	11	13	40	1	44	1	61	17	44	0	0	1	0	1	0	0	4
ZOTU394	0	0	0	0	0	0	0	0	0	0	0	0	0	0	1	0	0	0	0	0	0	0	0	0	0	0	0	0	0	0	0	0	0	0	0	0	0	0	0
ZOTU446	0	0	0	0	0	0	0	0	0	0	0	0	0	0	1	2	0	1	0	2	0	2	4	1	0	0	0	0	0	0	0	0	0	0	0	0	0	0	0
ZOTU374	0	0	0	0	0	0	0	0	0	0	0	0	0	0	0	1	1	0	5	0	10	5	19	14	0	0	0	0	0	0	0	0	0	0	0	0	0	1	0
ZOTU222	0	0	0	0	0	0	0	0	0	0	0	0	0	0	0	2	0	0	0	1	0	0	1	2	2	0	4	0	3	0	4	0	0	0	0	0	0	0	0
ZOTU268	0	0	0	0	0	0	0	0	0	0	0	0	0	0	0	0	1	0	0	0	0	0	0	1	3	0	6	0	2	0	1	0	0	0	0	0	0	0	0
ZOTU153	0	0	0	0	0	0	0	0	0	0	0	0	0	0	0	0	1	0	0	0	0	0	8	0	69	0	51	7	112	9	58	0	0	0	0	0	0	0	0
ZOTU151	0	0	0	0	0	0	0	0	0	0	0	0	0	0	0	0	3	0	0	0	0	0	2	6	2	0	0	0	0	0	1	0	0	0	5	1	0	0	3
ZOTU137	0	0	0	0	0	0	0	0	0	0	0	0	0	0	0	0	0	1	0	0	0	1	4	2	10	0	6	0	16	0	11	0	0	0	0	0	0	0	0
ZOTU520	0	0	0	0	0	0	0	0	0	0	0	0	0	0	0	0	0	2	0	0	1	1	0	1	0	0	0	0	1	0	2	0	0	1	0	0	0	0	0
ZOTU163	0	0	0	0	0	0	0	0	0	0	0	0	0	0	0	0	0	0	1	0	0	0	0	2	0	0	1	0	1	0	0	0	0	0	0	0	0	0	0
ZOTU522	0	0	0	0	0	0	0	0	0	0	0	0	0	0	0	0	0	0	1	0	2	0	0	5	0	0	0	0	0	0	0	0	0	0	1	0	0	0	0
ZOTU510	0	0	0	0	0	0	0	0	0	0	0	0	0	0	0	0	0	0	0	3	2	0	8	0	1	0	0	0	6	0	0	0	0	0	0	0	0	0	0
ZOTU157	0	0	0	0	0	0	0	0	0	0	0	0	0	0	0	0	0	0	0	1	0	0	0	0	0	0	0	1	0	0	0	0	0	0	0	0	0	0	0
ZOTU425	0	0	0	0	0	0	0	0	0	0	0	0	0	0	0	0	0	0	0	3	0	0	9	0	2	0	3	0	2	1	0	0	0	0	0	0	0	0	0
ZOTU371	0	0	0	0	0	0	0	0	0	0	0	0	0	0	0	0	0	0	0	0	0	0	6	2	0	0	0	0	1	0	0	0	0	0	0	0	0	0	0
ZOTU236	0	0	0	0	0	0	0	0	0	0	0	0	0	0	0	0	0	0	0	0	0	0	2	1	0	0	0	0	0	0	1	0	0	0	2	0	0	0	0
ZOTU200	0	0	0	0	0	0	0	0	0	0	0	0	0	0	0	0	0	0	0	0	0	0	1	0	0	0	0	0	1	0	0	0	0	0	0	0	0	0	0
ZOTU160	0	0	0	0	0	0	0	0	0	0	0	0	0	0	0	0	0	0	0	0	0	0	1	0	0	0	0	0	0	0	0	0	0	0	3	1	0	0	2
ZOTU112	0	0	0	0	0	0	0	0	0	0	0	0	0	0	0	0	0	0	0	0	0	0	1	0	0	0	0	0	0	0	0	0	0	1	0	0	0	0	0
ZOTU453	0	0	0	0	0	0	0	0	0	0	0	0	0	0	0	0	0	0	0	0	0	0	0	1	0	0	0	0	0	0	0	0	0	0	0	0	0	0	0
ZOTU230	0	0	0	0	0	0	0	0	0	0	0	0	0	0	0	0	0	0	0	0	0	0	0	1	0	0	0	0	0	0	1	0	0	0	0	0	0	0	0
ZOTU375	0	0	0	0	0	0	0	0	0	0	0	0	0	0	0	0	0	0	0	0	0	0	0	0	7	0	10	1	5	1	17	0	0	0	0	0	0	0	0
ZOTU189	0	0	0	0	0	0	0	0	0	0	0	0	0	0	0	0	0	0	0	0	0	0	0	0	25	1	24	2	35	8	26	0	0	0	0	0	0	0	3
ZOTU393	0	0	0	0	0	0	0	0	0	0	0	0	0	0	0	0	0	0	0	0	0	0	0	0	1	0	0	0	0	0	0	0	0	0	0	0	0	0	0
ZOTU440	0	0	0	0	0	0	0	0	0	0	0	0	0	0	0	0	0	0	0	0	0	0	0	0	0	0	3	0	0	0	3	0	0	0	0	0	0	0	0
ZOTU306	0	0	0	0	0	0	0	0	0	0	0	0	0	0	0	0	0	0	0	0	0	0	0	0	0	0	8	0	2	1	0	0	0	0	0	0	0	0	0
ZOTU428	0	0	0	0	0	0	0	0	0	0	0	0	0	0	0	0	0	0	0	0	0	0	0	0	0	0	1	0	0	0	0	0	0	0	0	0	0	0	0
ZOTU255	0	0	0	0	0	0	0	0	0	0	0	0	0	0	0	0	0	0	0	0	0	0	0	0	0	0	4	0	0	0	0	0	0	0	0	0	0	0	0
ZOTU154	0	0	0	0	0	0	0	0	0	0	0	0	0	0	0	0	0	0	0	0	0	0	0	0	0	0	1	0	1	0	0	0	0	0	0	0	0	0	0
ZOTU384	0	0	0	0	0	0	0	0	0	0	0	0	0	0	0	0	0	0	0	0	0	0	0	0	0	0	1	0	0	0	0	0	0	0	0	0	0	0	0
ZOTU498	0	0	0	0	0	0	0	0	0	0	0	0	0	0	0	0	0	0	0	0	0	0	0	0	0	0	0	0	1	0	0	0	0	0	0	0	0	0	0
ZOTU449	0	0	0	0	0	0	0	0	0	0	0	0	0	0	0	0	0	0	0	0	0	0	0	0	0	0	0	0	6	1	0	0	0	0	0	0	0	0	0
ZOTU122	0	0	0	0	0	0	0	0	0	0	0	0	0	0	0	0	0	0	0	0	0	0	0	0	0	0	0	0	0	0	1	0	0	0	0	0	0	0	0
ZOTU290	0	0	0	0	0	0	0	0	0	0	0	0	0	0	0	0	0	0	0	0	0	0	0	0	0	0	0	0	0	0	1	0	0	0	0	1	0	0	0
ZOTU282	0	0	0	0	0	0	0	0	0	0	0	0	0	0	0	0	0	0	0	0	0	0	0	0	0	0	0	0	0	0	1	0	0	0	1	0	1	0	0
ZOTU287	0	0	0	0	0	0	0	0	0	0	0	0	0	0	0	0	0	0	0	0	0	0	0	0	0	0	0	0	0	0	1	0	0	0	0	0	0	0	0
ZOTU407	0	0	0	0	0	0	0	0	0	0	0	0	0	0	0	0	0	0	0	0	0	0	0	0	0	0	0	0	0	0	1	0	0	0	0	0	0	0	0
ZOTU348	0	0	0	0	0	0	0	0	0	0	0	0	0	0	0	0	0	0	0	0	0	0	0	0	0	0	0	0	0	0	0	6	0	10	34	0	1	0	5
ZOTU239	0	0	0	0	0	0	0	0	0	0	0	0	0	0	0	0	0	0	0	0	0	0	0	0	0	0	0	0	0	0	0	1	0	0	1	0	0	0	0
ZOTU256	0	0	0	0	0	0	0	0	0	0	0	0	0	0	0	0	0	0	0	0	0	0	0	0	0	0	0	0	0	0	0	0	0	1	3	3	0	0	1
ZOTU383	0	0	0	0	0	0	0	0	0	0	0	0	0	0	0	0	0	0	0	0	0	0	0	0	0	0	0	0	0	0	0	0	0	1	2	0	0	0	1
ZOTU234	0	0	0	0	0	0	0	0	0	0	0	0	0	0	0	0	0	0	0	0	0	0	0	0	0	0	0	0	0	0	0	0	0	0	4	0	0	0	0
ZOTU376	0	0	0	0	0	0	0	0	0	0	0	0	0	0	0	0	0	0	0	0	0	0	0	0	0	0	0	0	0	0	0	0	0	0	5	4	5	0	28
ZOTU219	0	0	0	0	0	0	0	0	0	0	0	0	0	0	0	0	0	0	0	0	0	0	0	0	0	0	0	0	0	0	0	0	0	0	2	0	0	0	0
ZOTU179	0	0	0	0	0	0	0	0	0	0	0	0	0	0	0	0	0	0	0	0	0	0	0	0	0	0	0	0	0	0	0	0	0	0	1	0	0	0	0
ZOTU482	0	0	0	0	0	0	0	0	0	0	0	0	0	0	0	0	0	0	0	0	0	0	0	0	0	0	0	0	0	0	0	0	0	0	0	0	3	0	16
ZOTU271	0	0	0	0	0	0	0	0	0	0	0	0	0	0	0	0	0	0	0	0	0	0	0	0	0	0	0	0	0	0	0	0	0	0	0	0	0	0	1
